cBC,Edge,s,stderr.s,len.s,TP2-1-T0,TP2-1-T1,TP2-1-T2,TP2-1-T3,TP2-1-T4,T0_log10freq_clipped,T1_log10freq_clipped,T2_log10freq_clipped,T3_log10freq_clipped,T4_log10freq_clipped
AAAACATTATCAAAG_0,AAAACATTATCAAAG,-0.02239967897634076,0.004292559745197565,4,434,134,433,85,200,-2.5312021707034216,-2.6553248242189986,-2.6920119879600684,-2.7615564122185754,-2.9078572511299656
AAAACATTATCAAAG_1,AAAACATTATCAAAG,-0.022212878605373243,0.004928591512932428,4,644,218,584,99,299,-2.3598060328561203,-2.4439731289792013,-2.5620870372010343,-2.695340143335318,-2.733216058469517
AAAACATTATCAAAG_2,AAAACATTATCAAAG,-0.04438495207133177,0.01682073404955966,4,183,70,125,25,35,-2.906240810485503,-2.9373315825695494,-3.2315898713053777,-3.2930353292608303,-3.664819202443671
AAAACATTATCAAAG_3,AAAACATTATCAAAG,-0.03710335196032637,0.002705043319381222,4,422,129,336,53,108,-2.5433794492542585,-2.671839912284557,-2.80216060692359,-2.966699468332079,-3.175463491306997
AAAACATTATCAAAG_4,AAAACATTATCAAAG,-0.022587170052872432,0.006628767622417204,4,352,147,403,65,161,-2.6221492367378016,-2.61511228783563,-2.7231948381723243,-2.8780619812900126,-3.002061370762097
AAAACATTATCAAAG_5,AAAACATTATCAAAG,-0.0243818448463476,0.0076449276096524875,4,249,68,244,46,106,-2.772492553120196,-2.9499207098775697,-2.9411100579747043,-3.028217506251294,-3.1835813815291765
AAAACATTATCAAAG_6,AAAACATTATCAAAG,-0.026831720149437445,0.006747224716685527,4,342,132,323,50,132,-2.6346657941597975,-2.6618556913779563,-2.819297361982331,-2.9920053335968495,-3.088313315588097
AAAAGAAAAATGTAT_0,AAAAGAAAAATGTAT,6.032095527961387e-05,0.0027498998137332467,4,395,158,576,144,447,-2.5720948045894723,-2.5837725356293832,-2.5680774008902216,-2.5326128458376185,-2.5585797236620103
AAAAGAAAAATGTAT_1,AAAAGAAAAATGTAT,-0.005996643347727737,0.006711159154771659,4,456,170,741,145,405,-2.5097270575514976,-2.551980701205532,-2.4586816763341055,-2.5296073356978934,-2.601432223579278
AAAAGAAAAATGTAT_2,AAAAGAAAAATGTAT,-0.0023759199100540137,0.0037153627945330342,4,414,168,637,152,425,-2.5516915590950333,-2.557120340857943,-2.5243604519780836,-2.5091317499880956,-2.5804983167436353
AAAAGAAAAATGTAT_3,AAAAGAAAAATGTAT,0.002150012840998582,0.006477155661789134,4,330,130,559,146,406,-2.650177960338045,-2.6684862702769694,-2.5810880764270108,-2.526622482148431,-2.6003612132167526
AAAAGAAAAATGTAT_4,AAAAGAAAAATGTAT,-0.0011644806742277859,0.003712098415247808,4,374,155,506,114,403,-2.595820298015452,-2.5920979244135145,-2.6243493674736347,-2.6340704865963955,-2.6035822006528373
AAAAGAAAAATGTAT_5,AAAAGAAAAATGTAT,-0.002813157788312704,0.005723208952089611,4,228,98,315,82,230,-2.810757053215479,-2.7912035468913112,-2.8301893305238335,-2.7771614855491515,-2.847159410776354
AAAAGAAAAATGTAT_6,AAAAGAAAAATGTAT,-0.004419317535788036,0.007326534616270986,4,500,179,680,181,473,-2.4697218958799136,-2.529576591603913,-2.4959909716071977,-2.4332967630636837,-2.534026106056135
AAAAGCGACATTTCT_0,AAAAGCGACATTTCT,-0.013427197166124352,0.012611826100170968,4,97,52,122,25,64,-3.1819201659496876,-3.066426278949007,-3.2421400536386855,-3.2930353292608303,-3.4027072728100594
AAAAGCGACATTTCT_1,AAAAGCGACATTTCT,-0.019901450834825286,0.0068707714044457385,4,108,45,113,22,55,-3.135268144728983,-3.1292171088084624,-3.275421440830014,-3.348552657110662,-3.4685245572997028
AAAAGCGACATTTCT_2,AAAAGCGACATTTCT,-0.01931400155314269,0.01677839721905549,4,117,28,145,23,61,-3.1005060384697707,-3.335271591241587,-3.167131882078459,-3.329247501915275,-3.4235574117831797
AAAAGCGACATTTCT_3,AAAAGCGACATTTCT,-0.008871871067069213,0.005156535967397028,4,96,31,105,24,76,-3.186420667176364,-3.2910679287495332,-3.3073105852434956,-3.310764096221262,-3.328073654513155
AAAAGCGACATTTCT_4,AAAAGCGACATTTCT,-0.013386469489454544,0.005292722374486401,4,115,41,154,31,76,-3.107994059862321,-3.1696457658640704,-3.140979163476971,-3.1996136440985956,-3.328073654513155
AAAAGCGACATTTCT_5,AAAAGCGACATTTCT,-0.021524470066069137,0.006291919977006758,3,31,11,28,8,16,-3.6773302063816597,-3.741036937425581,-3.8813418529712145,-3.7878853509409245,-4.004767264138022
AAAAGCGACATTTCT_6,AAAAGCGACATTTCT,-0.0219736423299695,0.010548437562313287,4,96,36,108,14,45,-3.186420667176364,-3.2261271218165186,-3.295076128826484,-3.54484730225463,-3.555674733018603
AATGATACCATTTTT_0,AATGATACCATTTTT,-0.003031499787531568,0.013159759286706782,4,46,13,57,11,46,-3.5059340685343585,-3.6684862702769694,-3.5726250286409424,-3.6495826527746433,-3.5461294151123726
AATGATACCATTTTT_1,AATGATACCATTTTT,-0.04088469310327597,0.007895428214543237,4,100,29,85,10,22,-3.1686919002159324,-3.32003162468485,-3.399080958599141,-3.6909753379328682,-3.8664645659717403
AATGATACCATTTTT_2,AATGATACCATTTTT,-0.006485258249552017,0.015483908371801356,4,31,13,60,15,27,-3.6773302063816597,-3.6684862702769694,-3.55034863392979,-3.514884078877187,-3.777523482634959
AATGATACCATTTTT_3,AATGATACCATTTTT,,,0,20,8,7,0,0,-3.867661904551951,-3.8793396355918626,-4.483401844299177,-6.0,-6.0
AATGATACCATTTTT_4,AATGATACCATTTTT,-0.014340269981331756,0.0,1,13,4,15,1,5,-4.054748547909096,-4.180369631255844,-4.152408625257753,-4.690975337932868,-4.509917242457928
AATGATACCATTTTT_5,AATGATACCATTTTT,-0.03138881408374376,0.0006787179667640245,3,42,13,35,3,13,-3.545442609818032,-3.6684862702769694,-3.7844318399631582,-4.213854083213206,-4.09494389448711
AATGATACCATTTTT_6,AATGATACCATTTTT,-0.015159465851359856,0.006228159892457295,3,45,18,49,10,8,-3.515479386440589,-3.5271571174805,-3.63830380428492,-3.6909753379328682,-4.305797259802003
ACAACCTACCTGCTA_0,ACAACCTACCTGCTA,-0.003298406237315122,0.006278017284708031,4,565,267,848,205,559,-2.4166434523964937,-2.355918361219231,-2.40010403205672,-2.379221476877114,-2.4614754389075233
ACAACCTACCTGCTA_1,ACAACCTACCTGCTA,-0.0025092875888476753,0.0067423618980935246,4,379,189,576,119,387,-2.5900526902478602,-2.505967818410562,-2.5680774008902216,-2.615428376540337,-2.621176281775035
ACAACCTACCTGCTA_2,ACAACCTACCTGCTA,-0.0016213515896927875,0.0027962821363568865,4,517,232,835,185,547,-2.45520135712199,-2.4169416376929065,-2.406813408829832,-2.4238036095298545,-2.470899920460516
ACAACCTACCTGCTA_3,ACAACCTACCTGCTA,0.001958475901883405,0.0036713709322620702,4,679,284,1014,267,829,-2.3368221259354307,-2.3291112825367684,-2.3224619293161166,-2.264464076568293,-2.290332716243673
ACAACCTACCTGCTA_4,ACAACCTACCTGCTA,-0.0013769521154990412,0.0025525947461774805,4,570,238,792,182,609,-2.412817044543441,-2.405852665527294,-2.4297747027239405,-2.430903949947793,-2.4242699541610713
ACAACCTACCTGCTA_5,ACAACCTACCTGCTA,-0.003173411237651713,0.004633555536876091,4,530,244,766,175,527,-2.4444160306151432,-2.3950397962450767,-2.44427111468083,-2.447937289246574,-2.4870766315814
ACAACCTACCTGCTA_6,ACAACCTACCTGCTA,-0.0011000377091032964,0.0009257857057165649,4,498,207,741,164,538,-2.471462557456215,-2.4664592771268885,-2.4586816763341055,-2.4761314898851703,-2.4781049711275576
ACAAGTTTTACAGTT_0,ACAAGTTTTACAGTT,-0.008361330299057612,0.010504258373178522,4,250,107,285,51,202,-2.770751891543895,-2.7530458448985966,-2.8736550243049237,-2.9834051618349315,-2.903535877347323
ACAAGTTTTACAGTT_1,ACAAGTTTTACAGTT,-0.02160421704050679,0.01102040023383969,4,412,155,342,84,196,-2.553794684182798,-2.5920979244135145,-2.794473778257299,-2.7666960518709867,-2.9166311754374705
ACAAGTTTTACAGTT_2,ACAAGTTTTACAGTT,-0.009276794747440855,0.0024955064756427216,4,285,104,330,73,222,-2.713847040207422,-2.7653962832850256,-2.8099859444355464,-2.8276524778124124,-2.862534272343308
ACAAGTTTTACAGTT_3,ACAAGTTTTACAGTT,-0.01201919496310748,0.009460856555982772,4,202,89,288,67,141,-2.8633405307693085,-2.833039615938893,-2.869107396554203,-2.864900535232042,-3.0596681341385668
ACAAGTTTTACAGTT_4,ACAAGTTTTACAGTT,-0.010003285856772216,0.008893712659070088,4,226,100,339,52,171,-2.8145834610685316,-2.782429622583806,-2.798300186110352,-2.974971994298069,-2.975891136401793
ACAAGTTTTACAGTT_5,ACAAGTTTTACAGTT,-0.01308629435661144,0.005171669004911493,4,305,127,398,84,204,-2.6843920608691465,-2.678625901627849,-2.728616812239746,-2.7666960518709867,-2.8992570793680477
ACAAGTTTTACAGTT_6,ACAAGTTTTACAGTT,-0.015894561928714482,0.005445447321455984,4,271,112,314,65,162,-2.7357226093415266,-2.7332115999136244,-2.831570236240219,-2.8780619812900126,-2.9993722322513157
ACAGGGCAGCTCCCG_0,ACAGGGCAGCTCCCG,-0.022267261920270974,0.013604810418052385,4,177,48,131,20,82,-2.920718633854126,-3.1011883852082187,-3.2112285886576695,-3.389945342268887,-3.2950733944102297
ACAGGGCAGCTCCCG_1,ACAGGGCAGCTCCCG,-0.028035805183902987,0.00740557540264635,4,174,58,161,22,64,-2.928142651933333,-3.019001629020869,-3.1216740082815844,-3.348552657110662,-3.4027072728100594
ACAGGGCAGCTCCCG_2,ACAGGGCAGCTCCCG,-0.01825165059068643,0.013740344712927424,4,125,34,88,16,68,-3.071781887207876,-3.250950705541551,-3.3840172121632652,-3.4868553552769432,-3.3763783340877103
ACAGGGCAGCTCCCG_3,ACAGGGCAGCTCCCG,-0.035290855768560316,0.012096297467680341,4,149,33,111,22,41,-2.9955056318036584,-3.2639156827059184,-3.2831769055267763,-3.348552657110662,-3.596103390074211
ACAGGGCAGCTCCCG_4,ACAGGGCAGCTCCCG,-0.034537840793144724,0.008118694954130168,4,67,20,48,10,19,-3.342617097515106,-3.481399626919825,-3.6472586469378467,-3.6909753379328682,-3.9301336458411176
ACAGGGCAGCTCCCG_5,ACAGGGCAGCTCCCG,-0.030496807004234294,0.009787893966962663,4,123,48,145,23,41,-3.0787867887765343,-3.1011883852082187,-3.167131882078459,-3.329247501915275,-3.596103390074211
ACAGGGCAGCTCCCG_6,ACAGGGCAGCTCCCG,-0.04399742646569065,0.003581564832834325,4,139,35,93,13,27,-3.0256770999618374,-3.2383615782335307,-3.3600169357594987,-3.5770319856260313,-3.777523482634959
ACAGTTGACGGACAG_0,ACAGTTGACGGACAG,0.00312690515530556,0.0042431744954803995,4,895,408,1357,350,1145,-2.2168688649000203,-2.1717694594939263,-2.1959200366536966,-2.1469072935825926,-2.1500817601180398
ACAGTTGACGGACAG_1,ACAGTTGACGGACAG,0.004962507577653353,0.003200363185487104,4,1043,481,1959,422,1436,-2.1504075917894014,-2.1002845462099744,-2.0364654483186975,-2.0656628869711944,-2.051732806887665
ACAGTTGACGGACAG_2,ACAGTTGACGGACAG,0.0037235155323885882,0.005923583741288387,4,880,445,1552,396,1153,-2.2242092280657637,-2.1340696116028743,-2.137608167391264,-2.0932801520073556,-2.1470579394992475
ACAGTTGACGGACAG_3,ACAGTTGACGGACAG,0.0009680849661374274,0.005068623847945661,4,928,366,1609,364,1089,-2.2011439239970705,-2.2189485371893953,-2.121943840214404,-2.1298739542838123,-2.171859367038172
ACAGTTGACGGACAG_4,ACAGTTGACGGACAG,0.0014630066966004884,0.001990088173365395,4,985,406,1511,373,1179,-2.1752556697183207,-2.173903589006612,-2.1492354199744086,-2.1192665061241804,-2.1373734416988577
ACAGTTGACGGACAG_5,ACAGTTGACGGACAG,0.009418744412320755,0.0033279632562239953,4,801,394,1566,354,1318,-2.265059384131695,-2.1869334007582317,-2.133708126591509,-2.14197207590708,-2.0889718365359555
ACAGTTGACGGACAG_6,ACAGTTGACGGACAG,0.0009149523278579213,0.0018868468142848925,4,1000,433,1681,368,1171,-2.1686919002159324,-2.1459417262304408,-2.102932170873963,-2.1251275192593506,-2.1403303517215835
ACCACCGGTCCTGCC_0,ACCACCGGTCCTGCC,-0.0138998870477385,0.001754791040925425,4,156,60,193,37,101,-2.975567301861471,-3.0042783722001625,-3.04294257530566,-3.1227736138658733,-3.204565873011304
ACCACCGGTCCTGCC_1,ACCACCGGTCCTGCC,-0.007040066039411052,0.003911446803184214,4,189,65,226,49,161,-2.892230096042688,-2.9695162659409506,-2.974391445166033,-3.0007792579043544,-3.002061370762097
ACCACCGGTCCTGCC_2,ACCACCGGTCCTGCC,-0.013282022903632206,0.007869627055327342,4,110,37,101,26,73,-3.1272992150577075,-3.214227898516811,-3.3241785105307913,-3.27600198996205,-3.3455643866734905
ACCACCGGTCCTGCC_3,ACCACCGGTCCTGCC,-0.01787586745620013,0.013407599418016563,4,67,35,111,15,37,-3.342617097515106,-3.2383615782335307,-3.2831769055267763,-3.514884078877187,-3.6406855227269515
ACCACCGGTCCTGCC_4,ACCACCGGTCCTGCC,-0.003893654189310802,0.006826805509507275,4,118,57,181,34,114,-3.096809892909807,-3.026554766911315,-3.0708213094442494,-3.159496420890613,-3.151982395457474
ACCACCGGTCCTGCC_5,ACCACCGGTCCTGCC,-0.003345969342703082,0.023405595572175957,4,80,40,91,13,79,-3.265601913223989,-3.180369631255844,-3.3694584919923405,-3.5770319856260313,-3.311260155503505
ACCACCGGTCCTGCC_6,ACCACCGGTCCTGCC,-0.014582386277445547,0.009820435789979563,4,100,45,145,31,63,-3.1686919002159324,-3.1292171088084624,-3.167131882078459,-3.1996136440985956,-3.4095466973403648
AGAACATCATCTACA_0,AGAACATCATCTACA,-0.0327711014593775,0.00729585216866322,4,115,33,105,14,35,-3.107994059862321,-3.2639156827059184,-3.3073105852434956,-3.54484730225463,-3.664819202443671
AGAACATCATCTACA_1,AGAACATCATCTACA,-0.03280614000750968,0.02972579515160393,4,102,27,68,28,31,-3.160091728454015,-3.351065858424819,-3.4959909716071977,-3.243817306590649,-3.717525552959674
AGAACATCATCTACA_2,AGAACATCATCTACA,-0.0193533318230817,0.007470637742654658,4,219,91,219,43,114,-2.8282477853758143,-2.8233882302627125,-2.9880557694733154,-3.0575068823532816,-3.151982395457474
AGAACATCATCTACA_3,AGAACATCATCTACA,-0.005165496011310489,0.003087585971280289,4,110,41,153,35,101,-3.1272992150577075,-3.1696457658640704,-3.143808453495835,-3.1469072935825926,-3.204565873011304
AGAACATCATCTACA_4,AGAACATCATCTACA,-0.01864848431959369,0.00939087952757386,4,127,54,127,28,68,-3.0648881792599756,-3.0500358627608377,-3.224696163357477,-3.243817306590649,-3.3763783340877103
AGAACATCATCTACA_5,AGAACATCATCTACA,-0.014411213374046453,0.017334876782249504,4,134,62,127,20,85,-3.0415871018511247,-2.990037933085552,-3.224696163357477,-3.389945342268887,-3.279468321079654
AGAACATCATCTACA_6,AGAACATCATCTACA,-0.025350505649130616,0.007916481368217366,4,105,43,102,19,43,-3.1475026011459946,-3.1489611670042197,-3.3198997125515164,-3.4122217369800394,-3.5754187912143602
AGAAGACGACGATGA_0,AGAAGACGACGATGA,-0.0039406908918034455,0.005590667718364092,4,280,121,442,80,270,-2.7215338688737134,-2.699644252267356,-2.683077614964342,-2.7878853509409245,-2.777523482634959
AGAAGACGACGATGA_1,AGAAGACGACGATGA,-0.01547558944609786,0.004998115868822825,4,431,161,482,108,262,-2.534214630055201,-2.5756037465519563,-2.6454528460745843,-2.6575515824459184,-2.790585955474201
AGAAGACGACGATGA_2,AGAAGACGACGATGA,-0.012171257477448693,0.007064330496591013,4,676,301,831,183,469,-2.3387452042742964,-2.3038631269899628,-2.4088988605293227,-2.4285242482024385,-2.5377144040788635
AGAAGACGACGATGA_3,AGAAGACGACGATGA,-0.01149831122580196,0.004596712527554813,4,637,274,913,169,454,-2.364552467880582,-2.344679059763418,-2.368029106779135,-2.463088633319195,-2.5518313939368427
AGAAGACGACGATGA_4,AGAAGACGACGATGA,-0.010688484694215815,0.005638186280458214,4,398,154,487,86,293,-2.5688088281422448,-2.594908901747343,-2.6409709230987994,-2.7564768866893004,-2.7420196264398373
AGAAGACGACGATGA_5,AGAAGACGACGATGA,-0.01265171936709417,0.007726666133730389,4,551,252,658,127,375,-2.4275403013641474,-2.381029081802262,-2.510273990699478,-2.5871716169769114,-2.6348559790662276
AGAAGACGACGATGA_6,AGAAGACGACGATGA,-0.0037505035919131353,0.003547566577427244,4,388,163,553,133,377,-2.579860174621725,-2.570242018179848,-2.5857747530087356,-2.5671236969657825,-2.632545896588154
AGATTCATCCCATGG_0,AGATTCATCCCATGG,-0.08884899456169597,0.0,1,50,6,13,2,2,-3.4697218958799136,-4.0042783722001625,-4.214556532006597,-4.389945342268887,-4.907857251129966
AGATTCATCCCATGG_1,AGATTCATCCCATGG,,,0,12,2,0,0,0,-4.089510654168308,-4.481399626919825,-6.0,-6.0,-6.0
AGATTCATCCCATGG_2,AGATTCATCCCATGG,,,0,41,4,9,1,3,-3.555908043496197,-4.180369631255844,-4.374257374874109,-4.690975337932868,-4.731765992074284
AGATTCATCCCATGG_3,AGATTCATCCCATGG,-0.0626917606666733,0.01609923095083058,2,57,16,25,2,4,-3.412817044543441,-3.5783096399278813,-3.9305598756413964,-4.389945342268887,-4.606827255465984
AGATTCATCCCATGG_4,AGATTCATCCCATGG,-0.0625320161218474,0.02376153538603482,2,75,12,33,4,5,-3.2936306368242323,-3.703248376536181,-3.8099859444355464,-4.088915346604906,-4.509917242457928
AGATTCATCCCATGG_5,AGATTCATCCCATGG,-0.056140347546353116,0.04772548066261592,2,32,15,16,0,2,-3.6635419218960266,-3.606338363528125,-4.124379901657509,-6.0,-4.907857251129966
AGATTCATCCCATGG_6,AGATTCATCCCATGG,-0.0634705212559469,0.030390616923137725,2,44,15,19,0,3,-3.525239223729745,-3.606338363528125,-4.049746283360605,-6.0,-4.731765992074284
AGTGTATGATAATAT_0,AGTGTATGATAATAT,-0.01558116666500122,0.0066069832691691395,4,413,176,497,105,250,-2.5527418485595312,-2.5369169547696564,-2.632143495580102,-2.66978603886293,-2.810947238121909
AGTGTATGATAATAT_1,AGTGTATGATAATAT,-0.022292471159071386,0.0042523173386595685,4,363,132,423,70,168,-2.60878527517982,-2.6618556913779563,-2.7021595169383916,-2.8458772979186113,-2.9835779650680836
AGTGTATGATAATAT_2,AGTGTATGATAATAT,-0.022085001088703992,0.004647001980503796,4,300,117,322,59,140,-2.69157064549627,-2.7142437608376446,-2.820644012617603,-2.920123326290724,-3.0627592111157087
AGTGTATGATAATAT_3,AGTGTATGATAATAT,-0.012197131657329077,0.00484909798354613,4,202,86,278,49,140,-2.8633405307693085,-2.8479311713402384,-2.8844550883953577,-3.0007792579043544,-3.0627592111157087
AGTGTATGATAATAT_4,AGTGTATGATAATAT,-0.009937834203235529,0.010912449236835866,4,290,117,352,55,220,-2.7062939023169763,-2.7142437608376446,-2.7819572208353027,-2.950612648438624,-2.8664645659717403
AGTGTATGATAATAT_5,AGTGTATGATAATAT,-0.020755132223444984,0.0126518274518617,4,319,132,387,90,157,-2.6649012171587514,-2.6618556913779563,-2.7407889192945225,-2.736732828493543,-3.012987594384713
AGTGTATGATAATAT_6,AGTGTATGATAATAT,-0.022223505598094384,0.003188657054158863,4,181,55,169,33,84,-2.911013325346748,-3.042066933089562,-3.1006131796997605,-3.1724613980549807,-3.284607960732065
AGTGTTAATCAGACC_0,AGTGTTAATCAGACC,-0.013958707200998479,0.006555413738141142,4,257,111,311,67,166,-2.7587587768846378,-2.7371066437971487,-2.8357394952865964,-2.864900535232042,-2.9887791587538914
AGTGTTAATCAGACC_1,AGTGTTAATCAGACC,-0.02530157732138174,0.00756320706089808,4,368,97,344,60,151,-2.6028440815424148,-2.795657888317561,-2.7919414417419035,-2.9128240875492244,-3.029910299500777
AGTGTTAATCAGACC_2,AGTGTTAATCAGACC,-0.017726166410084555,0.007252948310313541,4,243,69,246,53,135,-2.7830856266176203,-2.9435805318465507,-2.9375647772100546,-2.966699468332079,-3.0785534782989403
AGTGTTAATCAGACC_3,AGTGTTAATCAGACC,-0.019047924735995283,0.007784382671789674,4,334,96,321,54,176,-2.644945433404368,-2.800158389544238,-2.8219948519085616,-2.9585815781098996,-2.963374578979797
AGTGTTAATCAGACC_4,AGTGTTAATCAGACC,-0.015855275364489187,0.00908774061243752,4,314,95,246,60,188,-2.6717622521427176,-2.8047060172949583,-2.9375647772100546,-2.9128240875492244,-2.934729397530267
AGTGTTAATCAGACC_5,AGTGTTAATCAGACC,-0.03735772814677834,0.006231612071061651,4,225,65,158,30,57,-2.81650938210457,-2.9695162659409506,-3.1298427973590113,-3.2138540832132056,-3.453012391121455
AGTGTTAATCAGACC_6,AGTGTTAATCAGACC,-0.030598227021624663,0.006274680140500438,4,247,67,187,38,82,-2.7759949469562666,-2.9563548198829794,-3.056658277776935,-3.111191741316058,-3.2950733944102297
AGTTTATAAAAAATT_0,AGTTTATAAAAAATT,0.009016464985913129,0.005328163214410375,2,12,5,19,6,19,-4.089510654168308,-4.083459618247788,-4.049746283360605,-3.9128240875492244,-3.9301336458411176
AGTTTATAAAAAATT_1,AGTTTATAAAAAATT,-0.03356623554011275,0.01916483417740428,3,47,12,50,4,10,-3.496594042280215,-3.703248376536181,-3.629529879977415,-4.088915346604906,-4.208887246793947
AGTTTATAAAAAATT_2,AGTTTATAAAAAATT,,,0,1,0,0,0,0,-5.168691900215933,-6.0,-6.0,-6.0,-6.0
AGTTTATAAAAAATT_3,AGTTTATAAAAAATT,,,0,35,8,7,8,4,-3.6246238558656567,-3.8793396355918626,-4.483401844299177,-3.7878853509409245,-4.606827255465984
AGTTTATAAAAAATT_4,AGTTTATAAAAAATT,,,0,1,0,0,0,0,-5.168691900215933,-6.0,-6.0,-6.0,-6.0
AGTTTATAAAAAATT_5,AGTTTATAAAAAATT,,,0,1,0,0,0,0,-5.168691900215933,-6.0,-6.0,-6.0,-6.0
AGTTTATAAAAAATT_6,AGTTTATAAAAAATT,-0.0005299314416738499,0.015287702859632529,3,42,9,60,10,45,-3.545442609818032,-3.828187113144481,-3.55034863392979,-3.6909753379328682,-3.555674733018603
ATAATTTTCATCCAC_0,ATAATTTTCATCCAC,-0.013042019429884677,0.006895069250152822,3,28,12,38,7,16,-3.7215338688737134,-3.703248376536181,-3.748716287696624,-3.8458772979186113,-4.004767264138022
ATAATTTTCATCCAC_1,ATAATTTTCATCCAC,,,0,2,0,0,0,0,-4.867661904551952,-6.0,-6.0,-6.0,-6.0
ATAATTTTCATCCAC_2,ATAATTTTCATCCAC,-0.009632376964245029,0.02461349278208189,3,34,22,44,7,25,-3.6372129831736775,-3.4400069417615997,-3.6850472078272465,-3.8458772979186113,-3.810947238121909
ATAATTTTCATCCAC_3,ATAATTTTCATCCAC,-0.017453684148633644,0.023629197064797124,4,73,17,70,25,41,-3.3053690400954765,-3.551980701205532,-3.483401844299177,-3.2930353292608303,-3.596103390074211
ATAATTTTCATCCAC_4,ATAATTTTCATCCAC,-0.020836384175797584,0.02456043455628044,4,53,10,64,12,26,-3.4444160306151432,-3.782429622583806,-3.522319910329547,-3.611794091885243,-3.7939138988231287
ATAATTTTCATCCAC_5,ATAATTTTCATCCAC,-0.014700739742952076,0.0,1,23,8,7,7,14,-3.8069640641983398,-3.8793396355918626,-4.483401844299177,-3.8458772979186113,-4.062759211115709
ATAATTTTCATCCAC_6,ATAATTTTCATCCAC,0.0059399626669824224,0.005064312502364641,2,10,2,15,3,14,-4.168691900215933,-4.481399626919825,-4.152408625257753,-4.213854083213206,-4.062759211115709
ATAGAGCGGCGTTGA_0,ATAGAGCGGCGTTGA,-0.016649679173573385,0.01127222291341642,4,150,67,171,41,87,-2.992600641160251,-2.9563548198829794,-3.09550377392128,-3.078191481213133,-3.269367994175328
ATAGAGCGGCGTTGA_1,ATAGAGCGGCGTTGA,-0.011146825074508305,0.007186694018321249,4,285,124,394,89,206,-2.713847040207422,-2.689007937421571,-2.7330036624878598,-2.7415853312879555,-2.895020026424793
ATAGAGCGGCGTTGA_2,ATAGAGCGGCGTTGA,-0.01327899241693233,0.009400057913807904,4,113,52,193,32,75,-3.115613456732513,-3.066426278949007,-3.04294257530566,-3.185825359612962,-3.333825983402247
ATAGAGCGGCGTTGA_3,ATAGAGCGGCGTTGA,-0.02214665340108384,0.00670354098483835,4,116,46,119,19,54,-3.104233910989014,-3.119671790902232,-3.252952922920903,-3.4122217369800394,-3.4764934869709783
ATAGAGCGGCGTTGA_4,ATAGAGCGGCGTTGA,-0.01806746863929274,0.00928733739865867,4,177,85,238,39,97,-2.920718633854126,-2.8530106968695135,-2.951922927256922,-3.0999107309063687,-3.2221155125277017
ATAGAGCGGCGTTGA_5,ATAGAGCGGCGTTGA,-0.016649679173573385,0.007254107683615856,4,100,42,122,26,58,-3.1686919002159324,-3.1591803321859055,-3.2421400536386855,-3.27600198996205,-3.445459253231009
ATAGAGCGGCGTTGA_6,ATAGAGCGGCGTTGA,-0.01929618894106029,0.023363225768413563,4,69,33,65,22,36,-3.329842809478677,-3.2639156827059184,-3.515586527670578,-3.348552657110662,-3.652584746026659
ATAGTCGATTAAGAT_0,ATAGTCGATTAAGAT,,,0,20,2,3,1,0,-3.867661904551951,-4.481399626919825,-4.851378629593771,-4.690975337932868,-6.0
ATAGTCGATTAAGAT_1,ATAGTCGATTAAGAT,,,0,45,8,8,1,8,-3.515479386440589,-3.8793396355918626,-4.42540989732149,-4.690975337932868,-4.305797259802003
ATAGTCGATTAAGAT_2,ATAGTCGATTAAGAT,,,0,41,1,2,1,0,-3.555908043496197,-4.782429622583806,-5.027469888649453,-4.690975337932868,-6.0
ATAGTCGATTAAGAT_3,ATAGTCGATTAAGAT,,,0,24,1,1,0,0,-3.7884806585043265,-4.782429622583806,-5.328499884313434,-6.0,-6.0
ATAGTCGATTAAGAT_4,ATAGTCGATTAAGAT,-0.08580166657742723,0.0,1,62,11,5,2,0,-3.3763002107176785,-3.741036937425581,-4.629529879977415,-4.389945342268887,-6.0
ATAGTCGATTAAGAT_5,ATAGTCGATTAAGAT,,,0,51,4,3,0,0,-3.461121724117996,-4.180369631255844,-4.851378629593771,-6.0,-6.0
ATAGTCGATTAAGAT_6,ATAGTCGATTAAGAT,,,0,21,2,3,0,0,-3.8464726054820133,-4.481399626919825,-4.851378629593771,-6.0,-6.0
ATATTGAGTAAGTAC_0,ATATTGAGTAAGTAC,-0.01544242194537886,0.007533162054311151,4,69,24,84,13,42,-3.329842809478677,-3.4022183808722,-3.4042205982515523,-3.5770319856260313,-3.585637956396046
ATATTGAGTAAGTAC_1,ATATTGAGTAAGTAC,-0.021954756115976744,0.019291926994235858,3,43,19,35,5,24,-3.5352234446363457,-3.503676021630977,-3.7844318399631582,-3.9920053335968495,-3.8286760050823405
ATATTGAGTAAGTAC_2,ATATTGAGTAAGTAC,-0.018746716273090918,0.009082833889216454,4,150,47,181,27,80,-2.992600641160251,-3.110331764648089,-3.0708213094442494,-3.259611573773881,-3.305797259802003
ATATTGAGTAAGTAC_3,ATATTGAGTAAGTAC,-0.008400882328623904,0.003724538902109597,4,238,102,331,71,192,-2.7921149431594205,-2.7738294508218884,-2.808671890537715,-2.839716989213793,-2.925586018090397
ATATTGAGTAAGTAC_4,ATATTGAGTAAGTAC,-0.00974435724894298,0.0021648334843457303,3,45,18,58,9,33,-3.515479386440589,-3.5271571174805,-3.5650718907504966,-3.736732828493543,-3.690373306916059
ATATTGAGTAAGTAC_5,ATATTGAGTAAGTAC,-0.010919421573662193,0.01298714712672712,4,85,21,93,20,62,-3.2392729745016395,-3.460210327849887,-3.3600169357594987,-3.389945342268887,-3.4164955572956925
ATATTGAGTAAGTAC_6,ATATTGAGTAAGTAC,-0.011167059798397293,0.008266233127698641,4,72,30,109,24,52,-3.311359403784664,-3.3053083678641437,-3.29107338637281,-3.310764096221262,-3.4928839031591474
ATCGTTGGCATTTGG_0,ATCGTTGGCATTTGG,-0.03553802633628123,0.02411257373875591,3,59,10,28,8,25,-3.397839888573788,-3.782429622583806,-3.8813418529712145,-3.7878853509409245,-3.810947238121909
ATCGTTGGCATTTGG_1,ATCGTTGGCATTTGG,-0.07965285265364956,0.0,1,64,8,20,0,6,-3.3625119262320453,-3.8793396355918626,-4.027469888649453,-6.0,-4.430735996410303
ATCGTTGGCATTTGG_2,ATCGTTGGCATTTGG,-0.0847786308299293,0.0,1,39,7,11,1,0,-3.5776272931894333,-3.9373315825695494,-4.2871071991552085,-4.690975337932868,-6.0
ATCGTTGGCATTTGG_3,ATCGTTGGCATTTGG,-0.09718937514984463,0.023262997477486082,2,50,11,11,0,4,-3.4697218958799136,-3.741036937425581,-4.2871071991552085,-6.0,-4.606827255465984
ATCGTTGGCATTTGG_4,ATCGTTGGCATTTGG,-0.10278134923762143,0.013156241208825066,2,61,11,12,0,1,-3.3833620652051652,-3.741036937425581,-4.249318638265809,-6.0,-5.208887246793947
ATCGTTGGCATTTGG_5,ATCGTTGGCATTTGG,,,0,27,6,9,2,7,-3.737328136056945,-4.0042783722001625,-4.374257374874109,-4.389945342268887,-4.36378920677969
ATCGTTGGCATTTGG_6,ATCGTTGGCATTTGG,,,0,17,6,5,0,0,-3.9382429788376587,-4.0042783722001625,-4.629529879977415,-6.0,-6.0
ATGAAGTTCATAATG_0,ATGAAGTTCATAATG,-0.00988341029743165,0.012072171054754851,4,146,81,225,48,111,-3.0043390444314952,-2.8739446037051564,-2.976317366202071,-3.009734100557281,-3.1635642680072893
ATGAAGTTCATAATG_1,ATGAAGTTCATAATG,-0.0176920599927892,0.006085420081905675,4,293,112,322,71,163,-2.701824279861823,-2.7332115999136244,-2.820644012617603,-2.839716989213793,-2.9966996423899888
ATGAAGTTCATAATG_2,ATGAAGTTCATAATG,-0.029666165813526307,0.017551525739813494,4,148,59,196,39,51,-2.998430184820975,-3.0115776109416617,-3.036243812956958,-3.0999107309063687,-3.50131707069601
ATGAAGTTCATAATG_3,ATGAAGTTCATAATG,-0.009788758031029387,0.008328308626468757,4,190,92,259,57,145,-2.8899382992631035,-2.8186417952382508,-2.915200120232182,-2.935100482260377,-3.0475192445589716
ATGAAGTTCATAATG_4,ATGAAGTTCATAATG,-0.014376091922005887,0.01635605848207182,4,159,36,180,37,101,-2.967294775895481,-3.2261271218165186,-3.073227379210128,-3.1227736138658733,-3.204565873011304
ATGAAGTTCATAATG_5,ATGAAGTTCATAATG,-0.012387752006537566,0.012540275202281898,4,205,72,339,69,141,-2.856938039160178,-2.925097126152538,-2.798300186110352,-2.8521262471956126,-3.0596681341385668
ATGAAGTTCATAATG_6,ATGAAGTTCATAATG,-0.0245991619310328,0.0067857695720142976,4,218,69,195,43,92,-2.8302354066113278,-2.9435805318465507,-3.038465272950916,-3.0575068823532816,-3.2450994194483913
ATGGCGATGGTCTTG_0,ATGGCGATGGTCTTG,-0.013082068885461371,0.0026393938252969053,4,145,57,181,37,97,-3.0073238979809576,-3.026554766911315,-3.0708213094442494,-3.1227736138658733,-3.2221155125277017
ATGGCGATGGTCTTG_1,ATGGCGATGGTCTTG,-0.006282827993736515,0.009217591693276241,4,41,17,43,10,36,-3.555908043496197,-3.551980701205532,-3.6950314287338473,-3.6909753379328682,-3.652584746026659
ATGGCGATGGTCTTG_2,ATGGCGATGGTCTTG,-0.016980809842323884,0.011869306895520588,4,152,46,159,23,87,-2.9868483122711598,-3.119671790902232,-3.127102759992982,-3.329247501915275,-3.269367994175328
ATGGCGATGGTCTTG_3,ATGGCGATGGTCTTG,-0.01896662972632433,0.014670252329992584,4,157,74,143,33,83,-2.972792247806699,-2.91319790285283,-3.173163846848372,-3.1724613980549807,-3.2898091544178727
ATGGCGATGGTCTTG_4,ATGGCGATGGTCTTG,-0.01739227163054564,0.010395855950982224,4,119,38,166,26,67,-3.093144938823402,-3.2026460259669958,-3.108391796273379,-3.27600198996205,-3.38281244409312
ATGGCGATGGTCTTG_5,ATGGCGATGGTCTTG,-0.008222483906987701,0.011154063120380395,4,64,19,80,21,52,-3.3625119262320453,-3.503676021630977,-3.42540989732149,-3.3687560431989487,-3.4928839031591474
ATGGCGATGGTCTTG_6,ATGGCGATGGTCTTG,-0.01236160593478015,0.012009127923542069,4,61,26,62,17,42,-3.3833620652051652,-3.367456274612988,-3.53610819481518,-3.460526416554594,-3.585637956396046
ATTAATACTTTGCAG_0,ATTAATACTTTGCAG,,,0,2,0,0,0,0,-4.867661904551952,-6.0,-6.0,-6.0,-6.0
ATTAATACTTTGCAG_1,ATTAATACTTTGCAG,,,0,3,0,1,0,0,-4.69157064549627,-6.0,-5.328499884313434,-6.0,-6.0
ATTAATACTTTGCAG_2,ATTAATACTTTGCAG,,,0,6,0,0,0,0,-4.390540649832289,-6.0,-6.0,-6.0,-6.0
ATTAATACTTTGCAG_3,ATTAATACTTTGCAG,,,0,5,0,0,0,0,-4.469721895879914,-6.0,-6.0,-6.0,-6.0
ATTAATACTTTGCAG_4,ATTAATACTTTGCAG,,,0,2,0,0,0,0,-4.867661904551952,-6.0,-6.0,-6.0,-6.0
ATTAATACTTTGCAG_5,ATTAATACTTTGCAG,,,0,1,0,0,0,0,-5.168691900215933,-6.0,-6.0,-6.0,-6.0
ATTAATACTTTGCAG_6,ATTAATACTTTGCAG,,,0,2,0,0,0,0,-4.867661904551952,-6.0,-6.0,-6.0,-6.0
ATTATCAAGTGCCAG_0,ATTATCAAGTGCCAG,-0.013826060198170013,0.0198972873287512,4,77,21,99,12,50,-3.2822011750434505,-3.460210327849887,-3.332864689715884,-3.611794091885243,-3.5099172424579277
ATTATCAAGTGCCAG_1,ATTATCAAGTGCCAG,0.0030590522789121673,0.009123763015742055,4,87,43,128,27,111,-3.2291726475973137,-3.1489611670042197,-3.2212899146655656,-3.259611573773881,-3.1635642680072893
ATTATCAAGTGCCAG_2,ATTATCAAGTGCCAG,-0.011484322939498392,0.003575885441024828,4,122,42,137,27,87,-3.0823320695411844,-3.1591803321859055,-3.1917793171570272,-3.259611573773881,-3.269367994175328
ATTATCAAGTGCCAG_3,ATTATCAAGTGCCAG,-0.007885400148555499,0.002469880871892688,4,187,75,270,55,154,-2.8968502936794334,-2.9073683591921062,-2.8971361201544465,-2.950612648438624,-3.0213665259574833
ATTATCAAGTGCCAG_4,ATTATCAAGTGCCAG,-0.017415603410120606,0.01983569982222332,4,32,10,48,12,18,-3.6635419218960266,-3.782429622583806,-3.6472586469378467,-3.611794091885243,-3.9536147416906404
ATTATCAAGTGCCAG_5,ATTATCAAGTGCCAG,-0.004017543088813992,0.010209798225926422,4,181,61,187,40,174,-2.911013325346748,-2.997099787573039,-3.056658277776935,-3.0889153466049057,-2.968337998511347
ATTATCAAGTGCCAG_6,ATTATCAAGTGCCAG,,,0,3,0,3,1,0,-4.69157064549627,-6.0,-4.851378629593771,-4.690975337932868,-6.0
ATTATCATCGCCATC_0,ATTATCATCGCCATC,-0.10271825774660033,0.013693612962886957,2,66,12,13,1,3,-3.3491479646740636,-3.703248376536181,-4.214556532006597,-4.690975337932868,-4.731765992074284
ATTATCATCGCCATC_1,ATTATCATCGCCATC,-0.056140347546353116,0.010726249592697416,2,36,10,18,3,1,-3.612389399448645,-3.782429622583806,-4.0732273792101275,-4.213854083213206,-5.208887246793947
ATTATCATCGCCATC_2,ATTATCATCGCCATC,-0.08221751737302707,0.0,1,64,9,19,2,1,-3.3625119262320453,-3.828187113144481,-4.049746283360605,-4.389945342268887,-5.208887246793947
ATTATCATCGCCATC_3,ATTATCATCGCCATC,-0.0571304789111621,0.013202624349953116,2,51,10,25,2,1,-3.461121724117996,-3.782429622583806,-3.9305598756413964,-4.389945342268887,-5.208887246793947
ATTATCATCGCCATC_4,ATTATCATCGCCATC,,,0,25,7,7,3,1,-3.770751891543895,-3.9373315825695494,-4.483401844299177,-4.213854083213206,-5.208887246793947
ATTATCATCGCCATC_5,ATTATCATCGCCATC,-0.0882453654999825,0.0,1,38,4,10,3,1,-3.5889083035991223,-4.180369631255844,-4.328499884313434,-4.213854083213206,-5.208887246793947
ATTATCATCGCCATC_6,ATTATCATCGCCATC,-0.07015544580406105,0.01774986969503531,2,45,12,17,3,6,-3.515479386440589,-3.703248376536181,-4.09805096293516,-4.213854083213206,-4.430735996410303
CAAGGATCCCCGTAG_0,CAAGGATCCCCGTAG,-0.0226004832687724,0.02009574324309805,4,35,20,44,10,16,-3.6246238558656567,-3.481399626919825,-3.6850472078272465,-3.6909753379328682,-4.004767264138022
CAAGGATCCCCGTAG_1,CAAGGATCCCCGTAG,-0.03025259347317865,0.012838488727641434,3,39,15,30,4,14,-3.5776272931894333,-3.606338363528125,-3.8513786295937713,-4.088915346604906,-4.062759211115709
CAAGGATCCCCGTAG_2,CAAGGATCCCCGTAG,-0.0404886818602643,0.016338527454075994,3,64,14,51,5,12,-3.3625119262320453,-3.636301586905568,-3.6209297082154976,-3.9920053335968495,-4.129706000746322
CAAGGATCCCCGTAG_3,CAAGGATCCCCGTAG,-0.036895141357664335,0.02776854119921789,4,93,14,86,12,24,-3.200208951661997,-3.636301586905568,-3.394001433069866,-3.611794091885243,-3.8286760050823405
CAAGGATCCCCGTAG_4,CAAGGATCCCCGTAG,-0.0517278543693826,0.00822351816821518,3,68,14,32,9,11,-3.336182987509696,-3.636301586905568,-3.8233499059935276,-3.736732828493543,-4.1674945616357215
CAAGGATCCCCGTAG_5,CAAGGATCCCCGTAG,-0.010121494889782742,0.006633918654247682,3,31,10,37,6,24,-3.6773302063816597,-3.782429622583806,-3.760298160246439,-3.9128240875492244,-3.8286760050823405
CAAGGATCCCCGTAG_6,CAAGGATCCCCGTAG,-0.014450459849924456,0.01739316949957543,4,60,16,85,19,38,-3.390540649832289,-3.5783096399278813,-3.399080958599141,-3.4122217369800394,-3.6291036501771363
CAAGTTCGGCGAAAT_0,CAAGTTCGGCGAAAT,,,0,25,2,1,1,0,-3.770751891543895,-4.481399626919825,-5.328499884313434,-4.690975337932868,-6.0
CAAGTTCGGCGAAAT_1,CAAGTTCGGCGAAAT,-0.10552783233916813,0.019938398635182288,2,145,28,27,7,8,-3.0073238979809576,-3.335271591241587,-3.8971361201544465,-3.8458772979186113,-4.305797259802003
CAAGTTCGGCGAAAT_2,CAAGTTCGGCGAAAT,,,0,21,1,1,0,0,-3.8464726054820133,-4.782429622583806,-5.328499884313434,-6.0,-6.0
CAAGTTCGGCGAAAT_3,CAAGTTCGGCGAAAT,,,0,53,9,9,2,2,-3.4444160306151432,-3.828187113144481,-4.374257374874109,-4.389945342268887,-4.907857251129966
CAAGTTCGGCGAAAT_4,CAAGTTCGGCGAAAT,-0.07950382124674267,0.0,1,67,3,21,3,4,-3.342617097515106,-4.305308367864144,-4.006280589579514,-4.213854083213206,-4.606827255465984
CAAGTTCGGCGAAAT_5,CAAGTTCGGCGAAAT,-0.08097451550705727,0.0,1,46,7,14,1,0,-3.5059340685343585,-3.9373315825695494,-4.182371848635196,-4.690975337932868,-6.0
CAAGTTCGGCGAAAT_6,CAAGTTCGGCGAAAT,-0.04197617348431165,0.0,1,40,11,8,1,1,-3.56663190888797,-3.741036937425581,-4.42540989732149,-4.690975337932868,-5.208887246793947
CAATCTTGAATTGAT_0,CAATCTTGAATTGAT,0.001064987561323917,0.005829993685766109,4,410,162,715,170,483,-2.555908043496197,-2.572914608041175,-2.4741938425123533,-2.460526416554594,-2.5249401160424343
CAATCTTGAATTGAT_1,CAATCTTGAATTGAT,0.005447965167942326,0.004869991167581064,4,369,168,579,132,518,-2.601665534056872,-2.557120340857943,-2.565821320585998,-2.5704014067270182,-2.4945574870487137
CAATCTTGAATTGAT_2,CAATCTTGAATTGAT,0.011032677551718507,0.007162111719992656,4,290,119,616,157,509,-2.7062939023169763,-2.7068826611912753,-2.5389191721490083,-2.4950756855236342,-2.5021694644571877
CAATCTTGAATTGAT_3,CAATCTTGAATTGAT,0.003468059356542375,0.005179204532759768,4,485,196,887,192,629,-2.482950161613669,-2.49017355122733,-2.3805762644817072,-2.4076741092293186,-2.410236601348678
CAATCTTGAATTGAT_4,CAATCTTGAATTGAT,0.0028815007192662502,0.002694281337375689,4,401,175,632,161,508,-2.56554752759575,-2.5393915738975115,-2.5277828060310488,-2.4841494619010183,-2.503023534510027
CAATCTTGAATTGAT_5,CAATCTTGAATTGAT,0.004479505693381092,0.008576185099939551,4,331,180,534,125,447,-2.648863906440214,-2.5271571174805,-2.6009586272848773,-2.5940653249248116,-2.5585797236620103
CAATCTTGAATTGAT_6,CAATCTTGAATTGAT,0.0034400410603756554,0.015002980469077718,4,176,80,347,50,228,-2.9231792324017825,-2.8793396355918626,-2.7881704095225603,-2.9920053335968495,-2.850952399793493
CAATTTCAACGTTGT_0,CAATTTCAACGTTGT,-0.03341586333561546,0.0,1,33,7,26,3,3,-3.650177960338045,-3.9373315825695494,-3.9135265363426157,-4.213854083213206,-4.731765992074284
CAATTTCAACGTTGT_1,CAATTTCAACGTTGT,-0.02994799197349178,0.030451155647092745,3,37,23,35,7,11,-3.6004901761489374,-3.4207017865662133,-3.7844318399631582,-3.8458772979186113,-4.1674945616357215
CAATTTCAACGTTGT_2,CAATTTCAACGTTGT,-0.03455648998064932,0.030576431025856762,3,45,6,36,11,13,-3.515479386440589,-4.0042783722001625,-3.7721973835461466,-3.6495826527746433,-4.09494389448711
CAATTTCAACGTTGT_3,CAATTTCAACGTTGT,-0.007785810822469675,0.0,1,31,12,9,2,5,-3.6773302063816597,-3.703248376536181,-4.374257374874109,-4.389945342268887,-4.509917242457928
CAATTTCAACGTTGT_4,CAATTTCAACGTTGT,,,0,16,7,5,0,6,-3.964571917560008,-3.9373315825695494,-4.629529879977415,-6.0,-4.430735996410303
CAATTTCAACGTTGT_5,CAATTTCAACGTTGT,0.036997268101730416,0.021261489732429556,3,16,14,45,17,9,-3.964571917560008,-3.636301586905568,-3.67528737053809,-3.460526416554594,-4.254644737354622
CAATTTCAACGTTGT_6,CAATTTCAACGTTGT,0.025220149705476213,0.0,1,11,5,28,4,4,-4.1272992150577075,-4.083459618247788,-3.8813418529712145,-4.088915346604906,-4.606827255465984
CATATGCATTCCTTG_0,CATATGCATTCCTTG,,,0,19,8,4,0,1,-3.8899382992631035,-3.8793396355918626,-4.726439892985471,-6.0,-5.208887246793947
CATATGCATTCCTTG_1,CATATGCATTCCTTG,,,0,26,6,2,2,2,-3.7537185522451146,-4.0042783722001625,-5.027469888649453,-4.389945342268887,-4.907857251129966
CATATGCATTCCTTG_2,CATATGCATTCCTTG,,,0,35,6,8,0,0,-3.6246238558656567,-4.0042783722001625,-4.42540989732149,-6.0,-6.0
CATATGCATTCCTTG_3,CATATGCATTCCTTG,,,0,39,2,2,2,0,-3.5776272931894333,-4.481399626919825,-5.027469888649453,-4.389945342268887,-6.0
CATATGCATTCCTTG_4,CATATGCATTCCTTG,,,0,20,3,0,0,0,-3.867661904551951,-4.305308367864144,-6.0,-6.0,-6.0
CATATGCATTCCTTG_5,CATATGCATTCCTTG,,,0,35,7,3,0,0,-3.6246238558656567,-3.9373315825695494,-4.851378629593771,-6.0,-6.0
CATATGCATTCCTTG_6,CATATGCATTCCTTG,,,0,42,7,9,0,1,-3.545442609818032,-3.9373315825695494,-4.374257374874109,-6.0,-5.208887246793947
CATCAATGAGGCAGT_0,CATCAATGAGGCAGT,,,0,18,1,0,0,0,-3.9134193951126264,-4.782429622583806,-6.0,-6.0,-6.0
CATCAATGAGGCAGT_1,CATCAATGAGGCAGT,,,0,15,1,0,0,0,-3.992600641160251,-4.782429622583806,-6.0,-6.0,-6.0
CATCAATGAGGCAGT_2,CATCAATGAGGCAGT,,,0,46,0,2,0,0,-3.5059340685343585,-6.0,-5.027469888649453,-6.0,-6.0
CATCAATGAGGCAGT_3,CATCAATGAGGCAGT,,,0,41,7,5,0,0,-3.555908043496197,-3.9373315825695494,-4.629529879977415,-6.0,-6.0
CATCAATGAGGCAGT_4,CATCAATGAGGCAGT,,,0,15,2,2,0,0,-3.992600641160251,-4.481399626919825,-5.027469888649453,-6.0,-6.0
CATCAATGAGGCAGT_5,CATCAATGAGGCAGT,,,0,19,3,1,0,0,-3.8899382992631035,-4.305308367864144,-5.328499884313434,-6.0,-6.0
CATCAATGAGGCAGT_6,CATCAATGAGGCAGT,,,0,31,4,0,1,0,-3.6773302063816597,-4.180369631255844,-6.0,-4.690975337932868,-6.0
CATCACCGTGCTCAT_0,CATCACCGTGCTCAT,,,0,1,0,0,0,0,-5.168691900215933,-6.0,-6.0,-6.0,-6.0
CATCACCGTGCTCAT_1,CATCACCGTGCTCAT,,,0,4,0,0,0,0,-4.56663190888797,-6.0,-6.0,-6.0,-6.0
CATCACCGTGCTCAT_2,CATCACCGTGCTCAT,,,0,2,0,0,0,0,-4.867661904551952,-6.0,-6.0,-6.0,-6.0
CATCACCGTGCTCAT_3,CATCACCGTGCTCAT,,,0,1,0,0,0,0,-5.168691900215933,-6.0,-6.0,-6.0,-6.0
CATCACCGTGCTCAT_4,CATCACCGTGCTCAT,,,0,2,0,0,0,0,-4.867661904551952,-6.0,-6.0,-6.0,-6.0
CATCACCGTGCTCAT_5,CATCACCGTGCTCAT,,,0,1,0,0,0,0,-5.168691900215933,-6.0,-6.0,-6.0,-6.0
CATCACCGTGCTCAT_6,CATCACCGTGCTCAT,,,0,0,1,0,0,0,-6.0,-4.782429622583806,-6.0,-6.0,-6.0
CATTGTCGGACGCTT_1,CATTGTCGGACGCTT,,,0,12,4,9,2,2,-4.089510654168308,-4.180369631255844,-4.374257374874109,-4.389945342268887,-4.907857251129966
CATTGTCGGACGCTT_2,CATTGTCGGACGCTT,,,0,14,3,5,0,0,-4.022563864537695,-4.305308367864144,-4.629529879977415,-6.0,-6.0
CATTGTCGGACGCTT_3,CATTGTCGGACGCTT,,,0,10,1,3,0,0,-4.168691900215933,-4.782429622583806,-4.851378629593771,-6.0,-6.0
CATTGTCGGACGCTT_4,CATTGTCGGACGCTT,,,0,2,0,0,0,0,-4.867661904551952,-6.0,-6.0,-6.0,-6.0
CATTGTCGGACGCTT_5,CATTGTCGGACGCTT,,,0,2,1,2,0,1,-4.867661904551952,-4.782429622583806,-5.027469888649453,-6.0,-5.208887246793947
CATTTATGGCTATCT_0,CATTTATGGCTATCT,-0.023784325678359152,0.006293914008383898,4,250,78,242,51,109,-2.770751891543895,-2.8903350198933255,-2.944684518333003,-2.9834051618349315,-3.171460748853323
CATTTATGGCTATCT_1,CATTTATGGCTATCT,-0.01146406120446162,0.010831421197832895,4,241,86,246,72,172,-2.786674857641064,-2.8479311713402384,-2.9375647772100546,-2.8336428415015997,-2.9733587998863977
CATTTATGGCTATCT_2,CATTTATGGCTATCT,-0.016874690920286598,0.009543280012976841,4,127,58,160,34,73,-3.0648881792599756,-3.019001629020869,-3.124379901657509,-3.159496420890613,-3.3455643866734905
CATTTATGGCTATCT_3,CATTTATGGCTATCT,-0.008610088570386809,0.009692293874096414,4,100,40,133,36,80,-3.1686919002159324,-3.180369631255844,-3.204648243346348,-3.134672837165581,-3.305797259802003
CATTTATGGCTATCT_4,CATTTATGGCTATCT,-0.01981070663356082,0.016811824573559994,4,180,48,233,30,92,-2.9134193951126264,-3.1011883852082187,-2.961143963287415,-3.2138540832132056,-3.2450994194483913
CATTTATGGCTATCT_5,CATTTATGGCTATCT,-0.011198605543907813,0.00896718442146128,4,244,98,302,48,176,-2.781302073877203,-2.7912035468913112,-2.8484929413562834,-3.009734100557281,-2.963374578979797
CATTTATGGCTATCT_6,CATTTATGGCTATCT,-0.016976645604786154,0.010668885240200909,4,138,61,191,26,79,-3.028812813814696,-2.997099787573039,-3.0474665170657063,-3.27600198996205,-3.311260155503505
CCAACACAGGCTTCG_0,CCAACACAGGCTTCG,-0.006381574275610258,0.00871171466085696,4,303,130,478,118,265,-2.6872492717136276,-2.6684862702769694,-2.649071987701315,-2.6190933306267428,-2.7856413728571385
CCAACACAGGCTTCG_1,CCAACACAGGCTTCG,-1.7822173943193853e-05,0.003511824248474849,4,281,109,400,102,317,-2.7199855803108526,-2.7450031246431825,-2.7264398929854714,-2.6823751661709507,-2.7078279845761952
CCAACACAGGCTTCG_2,CCAACACAGGCTTCG,-0.010534114598790013,0.008914993093128971,4,216,89,283,72,160,-2.8342381490650017,-2.833039615938893,-2.8767134487891437,-2.8336428415015997,-3.004767264138022
CCAACACAGGCTTCG_3,CCAACACAGGCTTCG,-0.00010056646126270755,0.0016657668868663507,4,611,263,923,206,687,-2.3826506899733784,-2.3624738740940483,-2.363298183287522,-2.3771081175637145,-2.3719305097343963
CCAACACAGGCTTCG_4,CCAACACAGGCTTCG,0.0008309132397076093,0.005805881103430605,4,413,175,562,124,482,-2.5527418485595312,-2.5393915738975115,-2.578763568744373,-2.597553652770633,-2.525840208555097
CCAACACAGGCTTCG_5,CCAACACAGGCTTCG,-0.0033420627874955144,0.005386243421955368,4,567,253,942,173,560,-2.415108841323026,-2.3793091014079883,-2.3544489815205565,-2.4529292348040728,-2.460699219787746
CCAACACAGGCTTCG_6,CCAACACAGGCTTCG,-0.00939315034861283,0.007934205336064036,4,227,101,346,78,176,-2.81266604302281,-2.7781082488011637,-2.789423785520657,-2.798880735242388,-2.963374578979797
CCAAGACCGTGTAAA_0,CCAAGACCGTGTAAA,-0.04077843620396476,0.0,1,25,4,17,2,0,-3.770751891543895,-4.180369631255844,-4.09805096293516,-4.389945342268887,-6.0
CCAAGACCGTGTAAA_1,CCAAGACCGTGTAAA,-0.044306205031790516,0.011081114839849115,3,72,25,56,6,11,-3.311359403784664,-3.3844896139117684,-3.5803118573072337,-3.9128240875492244,-4.1674945616357215
CCAAGACCGTGTAAA_2,CCAAGACCGTGTAAA,-0.035674981112094425,0.010516147781640391,3,38,12,24,4,12,-3.5889083035991223,-3.703248376536181,-3.948288642601828,-4.088915346604906,-4.129706000746322
CCAAGACCGTGTAAA_3,CCAAGACCGTGTAAA,-0.021482988518355884,0.008752963160288854,2,57,17,57,1,8,-3.412817044543441,-3.551980701205532,-3.5726250286409424,-4.690975337932868,-4.305797259802003
CCAAGACCGTGTAAA_4,CCAAGACCGTGTAAA,-0.029665575780339036,0.010204518551841393,3,56,18,39,8,23,-3.420503873209732,-3.5271571174805,-3.737435277286935,-3.7878853509409245,-3.847159410776354
CCAAGACCGTGTAAA_5,CCAAGACCGTGTAAA,-0.0411782028037102,0.046478027946654066,2,43,23,29,4,5,-3.5352234446363457,-3.4207017865662133,-3.866101886414478,-4.088915346604906,-4.509917242457928
CCAAGACCGTGTAAA_6,CCAAGACCGTGTAAA,0.0038313323537345844,0.0,1,23,10,9,2,6,-3.8069640641983398,-3.782429622583806,-4.374257374874109,-4.389945342268887,-4.430735996410303
CCAGGATGTACCGCC_0,CCAGGATGTACCGCC,0.0042130179401859815,0.0042540499040648215,4,238,103,389,83,318,-2.7921149431594205,-2.769592397878634,-2.738550282987726,-2.771897245556794,-2.706460126809514
CCAGGATGTACCGCC_1,CCAGGATGTACCGCC,0.004114553850712775,0.0060301608227202215,4,544,228,964,258,724,-2.4330930005177525,-2.4244947755833524,-2.344422850410603,-2.279355631969638,-2.3491486805968
CCAGGATGTACCGCC_2,CCAGGATGTACCGCC,-0.0028808969224470397,0.00305240759520768,4,331,149,526,110,333,-2.648863906440214,-2.609243354171532,-2.6075141401596946,-2.6495826527746433,-2.6864430132876267
CCAGGATGTACCGCC_3,CCAGGATGTACCGCC,-0.0048841990913746315,0.004371023062622532,4,210,97,319,68,195,-2.8464726054820133,-2.795657888317561,-2.824709201256253,-2.8584664252266316,-2.9188526354314286
CCAGGATGTACCGCC_4,CCAGGATGTACCGCC,-0.0033975385373552713,0.0063855386784491645,4,344,132,480,90,339,-2.6321334576444024,-2.6618556913779563,-2.6472586469378467,-2.736732828493543,-2.6786875485908643
CCAGGATGTACCGCC_5,CCAGGATGTACCGCC,-0.0008785308154909187,0.0020203508856099896,4,467,202,688,158,509,-2.49937501964982,-2.4770782531371824,-2.4909114460779227,-2.4923182509784456,-2.5021694644571877
CCAGGATGTACCGCC_6,CCAGGATGTACCGCC,-0.0011000377091032964,0.00278650738672654,4,249,104,347,84,269,-2.772492553120196,-2.7653962832850256,-2.7881704095225603,-2.7666960518709867,-2.779134966791539
CCGTTAGTATCGCTA_0,CCGTTAGTATCGCTA,-0.050121271801932016,0.0,1,39,9,22,3,3,-3.5776272931894333,-3.828187113144481,-3.9860772034912277,-4.213854083213206,-4.731765992074284
CCGTTAGTATCGCTA_1,CCGTTAGTATCGCTA,-0.05884370860986689,0.032606864672277566,2,57,21,27,1,0,-3.412817044543441,-3.460210327849887,-3.8971361201544465,-4.690975337932868,-6.0
CCGTTAGTATCGCTA_2,CCGTTAGTATCGCTA,-0.02263246442959082,0.027156962737042156,2,44,10,43,1,0,-3.525239223729745,-3.782429622583806,-3.6950314287338473,-4.690975337932868,-6.0
CCGTTAGTATCGCTA_3,CCGTTAGTATCGCTA,-0.0403039753802685,0.01789783171002933,3,139,57,139,8,21,-3.0256770999618374,-3.026554766911315,-3.185485084059339,-3.7878853509409245,-3.8866679520600274
CCGTTAGTATCGCTA_4,CCGTTAGTATCGCTA,-0.0578897280832375,0.02826216374188512,3,78,17,20,4,16,-3.276597297525452,-3.551980701205532,-4.027469888649453,-4.088915346604906,-4.004767264138022
CCGTTAGTATCGCTA_5,CCGTTAGTATCGCTA,-0.0373487175141344,0.01276360715363237,4,146,60,113,20,37,-3.0043390444314952,-3.0042783722001625,-3.275421440830014,-3.389945342268887,-3.6406855227269515
CCGTTAGTATCGCTA_6,CCGTTAGTATCGCTA,-0.02908397254135915,0.0126539542759928,3,82,20,53,12,9,-3.2548780478322157,-3.481399626919825,-3.6042240147126448,-3.611794091885243,-4.254644737354622
CGAACAGAAACACAA_0,CGAACAGAAACACAA,-0.03587941578595455,0.0,1,36,4,27,4,7,-3.612389399448645,-4.180369631255844,-3.8971361201544465,-4.088915346604906,-4.36378920677969
CGAACAGAAACACAA_1,CGAACAGAAACACAA,-0.07693174230353866,0.0007260480626182077,2,97,19,32,6,2,-3.1819201659496876,-3.503676021630977,-3.8233499059935276,-3.9128240875492244,-4.907857251129966
CGAACAGAAACACAA_2,CGAACAGAAACACAA,,,0,33,7,7,1,0,-3.650177960338045,-3.9373315825695494,-4.483401844299177,-4.690975337932868,-6.0
CGAACAGAAACACAA_3,CGAACAGAAACACAA,-0.08983912592650496,0.0,1,51,9,13,4,7,-3.461121724117996,-3.828187113144481,-4.214556532006597,-4.088915346604906,-4.36378920677969
CGAACAGAAACACAA_4,CGAACAGAAACACAA,,,0,35,1,7,0,1,-3.6246238558656567,-4.782429622583806,-4.483401844299177,-6.0,-5.208887246793947
CGAACAGAAACACAA_5,CGAACAGAAACACAA,,,0,23,5,5,0,1,-3.8069640641983398,-4.083459618247788,-4.629529879977415,-6.0,-5.208887246793947
CGAACAGAAACACAA_6,CGAACAGAAACACAA,-0.0406449159761618,0.0023972751261306306,3,51,15,35,5,11,-3.461121724117996,-3.606338363528125,-3.7844318399631582,-3.9920053335968495,-4.1674945616357215
CGAATGCCATACAAA_0,CGAATGCCATACAAA,0.03841241245509112,0.004592516720704178,4,303,204,1094,316,1590,-2.6872492717136276,-2.472799455157907,-2.2894825623160218,-2.1912882553144644,-2.007490122473495
CGAATGCCATACAAA_1,CGAATGCCATACAAA,0.04277153991013544,0.00818192368721017,4,174,131,564,217,1087,-2.928142651933333,-2.665158326928042,-2.5772207803300917,-2.3545156040843387,-2.172657702707652
CGAATGCCATACAAA_2,CGAATGCCATACAAA,0.040619243992761664,0.002837153457202509,4,522,354,1892,665,2992,-2.4510213972136703,-2.2334263605580182,-2.05157875224766,-1.8681536926297635,-1.7329256576015228
CGAATGCCATACAAA_3,CGAATGCCATACAAA,0.03864841887712575,0.003141168815945923,4,333,227,1144,380,1764,-2.6462476667096126,-2.4264037653906834,-2.2700738598564283,-2.111191741316058,-1.9623886659981458
CGAATGCCATACAAA_4,CGAATGCCATACAAA,0.0399684043133081,0.005388266838464007,4,284,201,935,311,1586,-2.715373560168895,-2.4792335651633173,-2.357688273440916,-2.1982149489060308,-2.0085840638123615
CGAATGCCATACAAA_5,CGAATGCCATACAAA,0.04049967959423602,0.004638608430441475,4,247,156,898,264,1409,-2.7759949469562666,-2.5893050242293443,-2.3752235476461294,-2.269371411063037,-2.05997625368459
CGAATGCCATACAAA_6,CGAATGCCATACAAA,0.05009653229834032,0.006363348886148554,4,115,86,615,200,963,-3.107994059862321,-2.8479311713402384,-2.539624768538017,-2.389945342268887,-2.225260959669412
CGATGATGATGATGA_0,CGATGATGATGATGA,-0.003730148047295546,0.014046883901467156,4,254,67,307,62,247,-2.7638581835959943,-2.9563548198829794,-2.8413615088362474,-2.8985836484346144,-2.8161902935342806
CGATGATGATGATGA_1,CGATGATGATGATGA,-0.00560830441602691,0.009557485932845836,4,388,156,631,99,350,-2.579860174621725,-2.5893050242293443,-2.5284705250692996,-2.695340143335318,-2.6648192024436708
CGATGATGATGATGA_2,CGATGATGATGATGA,-0.002721578463110874,0.0028164833330921357,4,481,200,740,171,487,-2.486546823842101,-2.481399626919825,-2.4592681645824577,-2.457979227540714,-2.5213582855793124
CGATGATGATGATGA_3,CGATGATGATGATGA,-0.009930293104188848,0.00848771355283074,4,452,182,625,155,343,-2.5135534654045504,-2.522358234598731,-2.5326198669693585,-2.500643639762577,-2.673593126751176
CGATGATGATGATGA_4,CGATGATGATGATGA,-0.0019226705987865024,0.00428661819582885,4,441,190,739,143,461,-2.524253310748094,-2.503676021630977,-2.459855445918608,-2.5356393004678064,-2.5451863214042985
CGATGATGATGATGA_5,CGATGATGATGATGA,0.0008759152974068039,0.002117410999925292,4,266,118,447,102,311,-2.7438102635848653,-2.710547615277681,-2.6781923611814973,-2.6823751661709507,-2.716126857767109
CGATGATGATGATGA_6,CGATGATGATGATGA,0.0014545966366269266,0.004253330609168414,4,580,284,1043,224,694,-2.405263906652995,-2.3291112825367684,-2.310215575886903,-2.3407273195987055,-2.3675277763390916
CGCGATCAATCCTCT_0,CGCGATCAATCCTCT,-0.05464769938886911,0.034375376484187856,2,66,26,34,9,3,-3.3491479646740636,-3.367456274612988,-3.7970209672711785,-3.736732828493543,-4.731765992074284
CGCGATCAATCCTCT_1,CGCGATCAATCCTCT,-0.04351991295108605,0.012805058403146666,3,68,25,48,7,12,-3.336182987509696,-3.3844896139117684,-3.6472586469378467,-3.8458772979186113,-4.129706000746322
CGCGATCAATCCTCT_2,CGCGATCAATCCTCT,-0.03924903120812518,0.018616794221023157,3,81,17,66,8,16,-3.260206881337283,-3.551980701205532,-3.508955948771565,-3.7878853509409245,-4.004767264138022
CGCGATCAATCCTCT_3,CGCGATCAATCCTCT,-0.0478340040026544,0.00882746039584569,2,83,19,49,4,7,-3.2496138078398586,-3.503676021630977,-3.63830380428492,-4.088915346604906,-4.36378920677969
CGCGATCAATCCTCT_4,CGCGATCAATCCTCT,-0.0809621918620477,0.04417944414245272,2,69,24,21,0,5,-3.329842809478677,-3.4022183808722,-4.006280589579514,-6.0,-4.509917242457928
CGCGATCAATCCTCT_5,CGCGATCAATCCTCT,-0.03821891400679393,0.009651471048117116,4,143,50,92,16,35,-3.0133558627508705,-3.083459618247787,-3.364712056967879,-3.4868553552769432,-3.664819202443671
CGCGATCAATCCTCT_6,CGCGATCAATCCTCT,-0.05554126443130702,0.01926064329437232,3,139,48,65,9,18,-3.0256770999618374,-3.1011883852082187,-3.515586527670578,-3.736732828493543,-3.9536147416906404
CGTCAAGACCTTCTA_0,CGTCAAGACCTTCTA,-0.0522422704728676,0.012771940261425536,2,37,11,20,0,3,-3.6004901761489374,-3.741036937425581,-4.027469888649453,-6.0,-4.731765992074284
CGTCAAGACCTTCTA_1,CGTCAAGACCTTCTA,-0.022738984219566216,0.0,1,33,11,5,2,9,-3.650177960338045,-3.741036937425581,-4.629529879977415,-4.389945342268887,-4.254644737354622
CGTCAAGACCTTCTA_2,CGTCAAGACCTTCTA,-0.014544621919811363,0.010765853291746352,4,84,38,85,17,53,-3.244412614154051,-3.2026460259669958,-3.399080958599141,-3.460526416554594,-3.4846113771931577
CGTCAAGACCTTCTA_3,CGTCAAGACCTTCTA,,,0,6,1,1,0,0,-4.390540649832289,-4.782429622583806,-5.328499884313434,-6.0,-6.0
CGTCAAGACCTTCTA_4,CGTCAAGACCTTCTA,,,0,15,2,7,2,2,-3.992600641160251,-4.481399626919825,-4.483401844299177,-4.389945342268887,-4.907857251129966
CGTCAAGACCTTCTA_5,CGTCAAGACCTTCTA,,,0,20,2,1,0,0,-3.867661904551951,-4.481399626919825,-5.328499884313434,-6.0,-6.0
CGTCAAGACCTTCTA_6,CGTCAAGACCTTCTA,-0.0692708844147373,0.0,1,26,7,10,0,0,-3.7537185522451146,-3.9373315825695494,-4.328499884313434,-6.0,-6.0
CTAAGCAGTCTTCTC_0,CTAAGCAGTCTTCTC,,,0,21,4,5,2,0,-3.8464726054820133,-4.180369631255844,-4.629529879977415,-4.389945342268887,-6.0
CTAAGCAGTCTTCTC_1,CTAAGCAGTCTTCTC,-0.026507122427413533,0.0014004809640651582,2,34,9,32,6,13,-3.6372129831736775,-3.828187113144481,-3.8233499059935276,-3.9128240875492244,-4.09494389448711
CTAAGCAGTCTTCTC_2,CTAAGCAGTCTTCTC,-0.012033212181438999,0.0,1,24,5,29,1,5,-3.7884806585043265,-4.083459618247788,-3.866101886414478,-4.690975337932868,-4.509917242457928
CTAAGCAGTCTTCTC_3,CTAAGCAGTCTTCTC,-0.0732999087477043,0.0,1,31,6,11,0,5,-3.6773302063816597,-4.0042783722001625,-4.2871071991552085,-6.0,-4.509917242457928
CTAAGCAGTCTTCTC_4,CTAAGCAGTCTTCTC,,,0,25,9,9,0,0,-3.770751891543895,-3.828187113144481,-4.374257374874109,-6.0,-6.0
CTAAGCAGTCTTCTC_5,CTAAGCAGTCTTCTC,-0.02337000491749821,0.007896312523672979,2,27,10,26,3,8,-3.737328136056945,-3.782429622583806,-3.9135265363426157,-4.213854083213206,-4.305797259802003
CTAAGCAGTCTTCTC_6,CTAAGCAGTCTTCTC,-0.0494761015601366,0.0,1,21,3,12,2,2,-3.8464726054820133,-4.305308367864144,-4.249318638265809,-4.389945342268887,-4.907857251129966
CTAAGTGTGAAGGAG_0,CTAAGTGTGAAGGAG,,,0,1,0,0,0,0,-5.168691900215933,-6.0,-6.0,-6.0,-6.0
CTAAGTGTGAAGGAG_1,CTAAGTGTGAAGGAG,-0.017132419668874382,0.002188193658020414,2,33,12,36,2,9,-3.650177960338045,-3.703248376536181,-3.7721973835461466,-4.389945342268887,-4.254644737354622
CTAAGTGTGAAGGAG_2,CTAAGTGTGAAGGAG,0.009159911480954984,0.0,1,13,2,24,6,3,-4.054748547909096,-4.481399626919825,-3.948288642601828,-3.9128240875492244,-4.731765992074284
CTAAGTGTGAAGGAG_3,CTAAGTGTGAAGGAG,-0.007682643331957541,0.0,1,22,1,29,2,3,-3.826269219393726,-4.782429622583806,-3.866101886414478,-4.389945342268887,-4.731765992074284
CTAAGTGTGAAGGAG_4,CTAAGTGTGAAGGAG,,,0,1,0,3,0,1,-5.168691900215933,-6.0,-4.851378629593771,-6.0,-5.208887246793947
CTAAGTGTGAAGGAG_5,CTAAGTGTGAAGGAG,,,0,4,0,0,0,0,-4.56663190888797,-6.0,-6.0,-6.0,-6.0
CTAAGTGTGAAGGAG_6,CTAAGTGTGAAGGAG,,,0,0,0,1,0,0,-6.0,-6.0,-5.328499884313434,-6.0,-6.0
CTACTTACAACGGAA_0,CTACTTACAACGGAA,0.001466370631553149,0.011828926953694086,4,208,107,290,87,249,-2.850628565253171,-2.7530458448985966,-2.866101886414478,-2.7514560853142496,-2.81268789969821
CTACTTACAACGGAA_1,CTACTTACAACGGAA,0.00952297717188464,0.007954141086215347,4,302,171,561,129,499,-2.688684957258782,-2.5494335121916523,-2.5795370230572723,-2.580385627633619,-2.5107867011705567
CTACTTACAACGGAA_2,CTACTTACAACGGAA,0.007583611420439973,0.008554502203194888,4,138,58,180,50,211,-3.028812813814696,-3.019001629020869,-3.073227379210128,-2.9920053335968495,-2.884604791496254
CTACTTACAACGGAA_3,CTACTTACAACGGAA,-0.01179792157786079,0.013858023407327122,4,71,40,96,21,50,-3.3174335514968574,-3.180369631255844,-3.3462286512738655,-3.3687560431989487,-3.5099172424579277
CTACTTACAACGGAA_4,CTACTTACAACGGAA,0.009787637427063879,0.004946886201502121,4,206,112,412,102,344,-2.854824679846779,-2.7332115999136244,-2.7136026682802994,-2.6823751661709507,-2.6723288042224165
CTACTTACAACGGAA_5,CTACTTACAACGGAA,0.0061922475907951096,0.006927521195929209,4,251,133,514,101,363,-2.7690181787348944,-2.65857798161672,-2.617536765318158,-2.6866539641502256,-2.648980621757834
CTACTTACAACGGAA_6,CTACTTACAACGGAA,0.007310890393585435,0.007889096735982301,4,242,136,461,122,366,-2.7848765342355013,-2.6488907142135885,-2.664798958923786,-2.60461550725812,-2.645406161399536
CTAGTTGTATAGCCA_0,CTAGTTGTATAGCCA,,,0,2,0,0,0,0,-4.867661904551952,-6.0,-6.0,-6.0,-6.0
CTAGTTGTATAGCCA_1,CTAGTTGTATAGCCA,,,0,2,0,0,0,0,-4.867661904551952,-6.0,-6.0,-6.0,-6.0
CTAGTTGTATAGCCA_2,CTAGTTGTATAGCCA,,,0,1,0,0,0,0,-5.168691900215933,-6.0,-6.0,-6.0,-6.0
CTAGTTGTATAGCCA_3,CTAGTTGTATAGCCA,,,0,2,0,0,0,0,-4.867661904551952,-6.0,-6.0,-6.0,-6.0
CTAGTTGTATAGCCA_4,CTAGTTGTATAGCCA,,,0,4,1,0,0,0,-4.56663190888797,-4.782429622583806,-6.0,-6.0,-6.0
CTAGTTGTATAGCCA_5,CTAGTTGTATAGCCA,,,0,8,0,2,0,0,-4.265601913223989,-6.0,-5.027469888649453,-6.0,-6.0
CTAGTTGTATAGCCA_6,CTAGTTGTATAGCCA,,,0,1,0,0,0,0,-5.168691900215933,-6.0,-6.0,-6.0,-6.0
CTATCAAGGCTTAAT_0,CTATCAAGGCTTAAT,-0.036875192968048524,0.009334458538769564,3,73,18,43,6,23,-3.3053690400954765,-3.5271571174805,-3.6950314287338473,-3.9128240875492244,-3.847159410776354
CTATCAAGGCTTAAT_1,CTATCAAGGCTTAAT,-0.0490034438288332,0.00987216931777202,3,86,20,39,6,17,-3.234193448972365,-3.481399626919825,-3.737435277286935,-3.9128240875492244,-3.9784383254156728
CTATCAAGGCTTAAT_2,CTATCAAGGCTTAAT,-0.061158576975940425,0.009315173324353221,3,113,29,46,6,12,-3.115613456732513,-3.32003162468485,-3.6657420526318596,-3.9128240875492244,-4.129706000746322
CTATCAAGGCTTAAT_3,CTATCAAGGCTTAAT,-0.049463777915126975,0.009773429899839408,2,63,14,36,6,6,-3.3693513507623507,-3.636301586905568,-3.7721973835461466,-3.9128240875492244,-4.430735996410303
CTATCAAGGCTTAAT_4,CTATCAAGGCTTAAT,-0.08041573833543816,0.01845271995372693,2,104,15,32,5,6,-3.151658560917152,-3.606338363528125,-3.8233499059935276,-3.9920053335968495,-4.430735996410303
CTATCAAGGCTTAAT_5,CTATCAAGGCTTAAT,-0.05632218215879173,0.015343514389827019,4,118,34,57,11,14,-3.096809892909807,-3.250950705541551,-3.5726250286409424,-3.6495826527746433,-4.062759211115709
CTATCAAGGCTTAAT_6,CTATCAAGGCTTAAT,-0.055555545558193566,0.008874302996300725,2,85,18,43,2,2,-3.2392729745016395,-3.5271571174805,-3.6950314287338473,-4.389945342268887,-4.907857251129966
CTATGCATTTACTCA_0,CTATGCATTTACTCA,-0.040454343015734084,0.0083451959831946,3,60,20,49,6,11,-3.390540649832289,-3.481399626919825,-3.63830380428492,-3.9128240875492244,-4.1674945616357215
CTATGCATTTACTCA_1,CTATGCATTTACTCA,-0.019152214869759997,0.0163592811553322,4,101,39,73,21,53,-3.1643705264332898,-3.191365015557307,-3.465177024192978,-3.3687560431989487,-3.4846113771931577
CTATGCATTTACTCA_2,CTATGCATTTACTCA,-0.04882839845884737,0.016032808656015,3,86,32,67,5,10,-3.234193448972365,-3.2772796442639,-3.5024250816126075,-3.9920053335968495,-4.208887246793947
CTATGCATTTACTCA_3,CTATGCATTTACTCA,-0.032653315611344505,0.023506309094890942,4,121,22,102,11,37,-3.0859065298994826,-3.4400069417615997,-3.3198997125515164,-3.6495826527746433,-3.6406855227269515
CTATGCATTTACTCA_4,CTATGCATTTACTCA,-0.01951264050963817,0.012435686596883964,4,116,39,101,15,60,-3.104233910989014,-3.191365015557307,-3.3241785105307913,-3.514884078877187,-3.430735996410303
CTATGCATTTACTCA_5,CTATGCATTTACTCA,-0.038574646747974034,0.0038941579004015936,3,141,43,98,7,34,-3.0194727875605527,-3.1489611670042197,-3.337273808620939,-3.8458772979186113,-3.6774083297516915
CTATGCATTTACTCA_6,CTATGCATTTACTCA,-0.03645155197772992,0.004765163582490978,3,104,27,71,9,29,-3.151658560917152,-3.351065858424819,-3.4772415355943584,-3.736732828493543,-3.7464892488949904
CTCGCTAATACTCCT_0,CTCGCTAATACTCCT,0.009504780011464688,0.0032265951499495515,4,986,460,1846,421,1628,-2.1748149852747214,-2.119671790902232,-2.0622681876235407,-2.0666932420972,-1.9972328462407642
CTCGCTAATACTCCT_1,CTCGCTAATACTCCT,0.008715273313721749,0.002741287080634325,4,942,467,1742,433,1507,-2.194640997423055,-2.113112742017694,-2.0874517336417893,-2.0544874415795027,-2.030773994479315
CTCGCTAATACTCCT_2,CTCGCTAATACTCCT,0.008256544847016812,0.00397011767513604,4,785,394,1390,349,1233,-2.27382224347068,-2.1869334007582317,-2.185485084059339,-2.148149910973688,-2.117924170198215
CTCGCTAATACTCCT_3,CTCGCTAATACTCCT,0.010352804620604172,0.004048790010183023,4,668,343,1258,303,1141,-2.343915437740387,-2.2471355025410356,-2.2288192432041836,-2.209532709430563,-2.151601602375732
CTCGCTAATACTCCT_4,CTCGCTAATACTCCT,0.012149800204723985,0.003240690069986822,4,814,422,1623,400,1494,-2.2580674953267312,-2.157117171622132,-2.118181364487202,-2.0889153466049057,-2.0345366493145667
CTCGCTAATACTCCT_5,CTCGCTAATACTCCT,0.00814236027244577,0.005649513004850943,4,779,409,1504,399,1218,-2.277154442543368,-2.1707063145764645,-2.1512520480578106,-2.09000244224612,-2.12323995849709
CTCGCTAATACTCCT_6,CTCGCTAATACTCCT,0.006352577894250878,0.003504131539484168,4,933,416,1670,441,1358,-2.1988102564694327,-2.163336291957063,-2.1057834131658506,-2.0465367484650296,-2.075987476849464
CTCTTGAGAATACTT_0,CTCTTGAGAATACTT,-0.016301465822284245,0.013660136347264477,3,42,11,45,9,25,-3.545442609818032,-3.741036937425581,-3.67528737053809,-3.736732828493543,-3.810947238121909
CTCTTGAGAATACTT_1,CTCTTGAGAATACTT,-0.02722110044407422,0.013436482688757526,4,100,32,108,24,38,-3.1686919002159324,-3.2772796442639,-3.295076128826484,-3.310764096221262,-3.6291036501771363
CTCTTGAGAATACTT_2,CTCTTGAGAATACTT,-0.02971046472792933,0.0,1,33,9,28,2,0,-3.650177960338045,-3.828187113144481,-3.8813418529712145,-4.389945342268887,-6.0
CTCTTGAGAATACTT_3,CTCTTGAGAATACTT,,,0,51,8,7,0,1,-3.461121724117996,-3.8793396355918626,-4.483401844299177,-6.0,-5.208887246793947
CTCTTGAGAATACTT_4,CTCTTGAGAATACTT,-0.0814177758796105,0.0019213596438310374,2,63,12,19,3,5,-3.3693513507623507,-3.703248376536181,-4.049746283360605,-4.213854083213206,-4.509917242457928
CTCTTGAGAATACTT_5,CTCTTGAGAATACTT,-0.03741799871929228,0.0,1,33,8,24,1,0,-3.650177960338045,-3.8793396355918626,-3.948288642601828,-4.690975337932868,-6.0
CTCTTGAGAATACTT_6,CTCTTGAGAATACTT,,,0,50,3,4,0,0,-3.4697218958799136,-4.305308367864144,-4.726439892985471,-6.0,-6.0
CTGATTTGTGCTGTC_1,CTGATTTGTGCTGTC,,,0,1,0,0,0,0,-5.168691900215933,-6.0,-6.0,-6.0,-6.0
CTGATTTGTGCTGTC_2,CTGATTTGTGCTGTC,,,0,4,4,15,7,9,-4.56663190888797,-4.180369631255844,-4.152408625257753,-3.8458772979186113,-4.254644737354622
CTGATTTGTGCTGTC_3,CTGATTTGTGCTGTC,,,0,1,0,0,0,0,-5.168691900215933,-6.0,-6.0,-6.0,-6.0
CTGATTTGTGCTGTC_4,CTGATTTGTGCTGTC,,,0,1,0,0,0,0,-5.168691900215933,-6.0,-6.0,-6.0,-6.0
CTGATTTGTGCTGTC_5,CTGATTTGTGCTGTC,,,0,1,0,0,0,0,-5.168691900215933,-6.0,-6.0,-6.0,-6.0
CTTGATCAATCAAAA_0,CTTGATCAATCAAAA,-0.017853070235881074,0.005841152059521837,4,711,226,830,163,393,-2.3168222994861662,-2.428321183436405,-2.40942179193736,-2.47878773352891,-2.61449469641852
CTTGATCAATCAAAA_1,CTTGATCAATCAAAA,-0.010702108971448451,0.008685672357319875,4,545,204,624,105,401,-2.43229539793929,-2.472799455157907,-2.53331529463101,-2.66978603886293,-2.6057428741737643
CTTGATCAATCAAAA_2,CTTGATCAATCAAAA,-0.007661808012301564,0.004191591133717076,4,485,189,577,119,403,-2.482950161613669,-2.505967818410562,-2.5673240711577026,-2.615428376540337,-2.6035822006528373
CTTGATCAATCAAAA_3,CTTGATCAATCAAAA,-0.013168127490235682,0.006524547648034035,4,585,235,627,119,390,-2.401536034133752,-2.4113617603120696,-2.5312323434827175,-2.615428376540337,-2.6178226397674473
CTTGATCAATCAAAA_4,CTTGATCAATCAAAA,-0.01539890583343426,0.004348756030543772,4,656,203,656,138,400,-2.3517880608402724,-2.4749335846705933,-2.5115960449377734,-2.5510962515316318,-2.6068272554659844
CTTGATCAATCAAAA_5,CTTGATCAATCAAAA,-0.020227318049942888,0.00363481537561052,4,563,211,659,111,283,-2.418183505364586,-2.4581471672861133,-2.509614469719424,-2.6456523591462107,-2.7571008112696562
CTTGATCAATCAAAA_6,CTTGATCAATCAAAA,-0.015777856746940544,0.008727626414140151,4,686,299,852,131,412,-2.332367784509181,-2.3067584342593763,-2.398060289546734,-2.573704042277104,-2.593990030760812
CTTGATGGCTGAAAG_0,CTTGATGGCTGAAAG,-0.062041822974181926,0.0,1,27,4,12,3,3,-3.737328136056945,-4.180369631255844,-4.249318638265809,-4.213854083213206,-4.731765992074284
CTTGATGGCTGAAAG_1,CTTGATGGCTGAAAG,-0.03354405244446021,0.041003603931560766,4,61,22,23,13,18,-3.3833620652051652,-3.4400069417615997,-3.966772048295841,-3.5770319856260313,-3.9536147416906404
CTTGATGGCTGAAAG_2,CTTGATGGCTGAAAG,-0.03659703211200256,0.02042573650742338,2,46,10,34,4,9,-3.5059340685343585,-3.782429622583806,-3.7970209672711785,-4.088915346604906,-4.254644737354622
CTTGATGGCTGAAAG_3,CTTGATGGCTGAAAG,-0.016559774119064556,0.02850043797034849,4,67,11,76,12,39,-3.342617097515106,-3.741036937425581,-3.4476862920326425,-3.611794091885243,-3.6178226397674473
CTTGATGGCTGAAAG_4,CTTGATGGCTGAAAG,-0.022742933796638345,0.01882584714314284,4,99,26,70,24,45,-3.1730567056183827,-3.367456274612988,-3.483401844299177,-3.310764096221262,-3.555674733018603
CTTGATGGCTGAAAG_5,CTTGATGGCTGAAAG,-0.016009172144528808,0.010562839607760256,3,52,24,65,6,27,-3.4526885565811334,-3.4022183808722,-3.515586527670578,-3.9128240875492244,-3.777523482634959
CTTGATGGCTGAAAG_6,CTTGATGGCTGAAAG,-0.02675101430124718,0.004613179832014921,2,50,15,45,2,4,-3.4697218958799136,-3.606338363528125,-3.67528737053809,-4.389945342268887,-4.606827255465984
CTTGCAAGTGTAATT_0,CTTGCAAGTGTAATT,-0.015725098718246146,0.01666091226058724,4,216,72,272,32,130,-2.8342381490650017,-2.925097126152538,-2.8939309802792352,-3.185825359612962,-3.09494389448711
CTTGCAAGTGTAATT_1,CTTGCAAGTGTAATT,-0.02429783899338598,0.008650234763178949,4,199,73,217,29,85,-2.869838823806226,-2.91910676246335,-2.9920401504649043,-3.228577340033912,-3.279468321079654
CTTGCAAGTGTAATT_2,CTTGCAAGTGTAATT,-0.02399560429799279,0.010378260791164535,4,266,65,192,34,115,-2.7438102635848653,-2.9695162659409506,-3.0451986556098842,-3.159496420890613,-3.148189406440335
CTTGCAAGTGTAATT_3,CTTGCAAGTGTAATT,-0.033918286572164245,0.008376796813056541,4,344,85,275,50,100,-2.6321334576444024,-2.8530106968695135,-2.889167190483171,-2.9920053335968495,-3.2088872467939464
CTTGCAAGTGTAATT_4,CTTGCAAGTGTAATT,-0.02740790081504174,0.007525161300003703,4,403,116,420,68,152,-2.563386854074823,-2.7179716333568877,-2.7052505939155336,-2.8584664252266316,-3.027043658849174
CTTGCAAGTGTAATT_5,CTTGCAAGTGTAATT,-0.02571045599530364,0.015311818359251916,4,218,83,187,50,88,-2.8302354066113278,-2.863351530207732,-3.056658277776935,-2.9920053335968495,-3.2644045746437778
CTTGCAAGTGTAATT_6,CTTGCAAGTGTAATT,-0.025836518453097312,0.0064829502442688355,4,244,94,226,37,98,-2.781302073877203,-2.8093017689841076,-2.974391445166033,-3.1227736138658733,-3.217661171101452
CTTTCTTGTGTATTT_0,CTTTCTTGTGTATTT,-0.049463777915126975,0.0018445502739309195,2,42,11,24,2,2,-3.545442609818032,-3.741036937425581,-3.948288642601828,-4.389945342268887,-4.907857251129966
CTTTCTTGTGTATTT_1,CTTTCTTGTGTATTT,-0.04239016460310232,0.011245782683630624,4,140,29,98,15,29,-3.022563864537694,-3.32003162468485,-3.337273808620939,-3.514884078877187,-3.7464892488949904
CTTTCTTGTGTATTT_2,CTTTCTTGTGTATTT,-0.05609898088863277,0.004178232696499099,3,131,29,67,1,15,-3.0514206045601684,-3.32003162468485,-3.5024250816126075,-4.690975337932868,-4.0327959877382655
CTTTCTTGTGTATTT_3,CTTTCTTGTGTATTT,-0.08412113694312423,0.06406090099408446,2,56,25,16,4,1,-3.420503873209732,-3.3844896139117684,-4.124379901657509,-4.088915346604906,-5.208887246793947
CTTTCTTGTGTATTT_4,CTTTCTTGTGTATTT,-0.07964052900863994,0.01334100158749594,2,64,10,20,4,8,-3.3625119262320453,-3.782429622583806,-4.027469888649453,-4.088915346604906,-4.305797259802003
CTTTCTTGTGTATTT_5,CTTTCTTGTGTATTT,-0.04379734364977681,0.008338236586562894,2,50,12,32,1,3,-3.4697218958799136,-3.703248376536181,-3.8233499059935276,-4.690975337932868,-4.731765992074284
CTTTCTTGTGTATTT_6,CTTTCTTGTGTATTT,-0.06384788153771602,0.006215623670726626,2,84,17,36,5,5,-3.244412614154051,-3.551980701205532,-3.7721973835461466,-3.9920053335968495,-4.509917242457928
GAACTCAGGTTCCAT_0,GAACTCAGGTTCCAT,-0.015781470682281484,0.011110896855215126,4,403,147,431,117,242,-2.563386854074823,-2.61511228783563,-2.6940226141527024,-2.6227894761867065,-2.8250718808135153
GAACTCAGGTTCCAT_1,GAACTCAGGTTCCAT,-0.01299747836347569,0.004014792653907158,4,219,74,262,56,147,-2.8282477853758143,-2.91319790285283,-2.910198592993688,-2.9427873109266676,-3.0415699120457704
GAACTCAGGTTCCAT_2,GAACTCAGGTTCCAT,-0.025020467852667202,0.00878518788042826,4,294,109,286,62,122,-2.700344569803775,-2.7450031246431825,-2.872133851184391,-2.8985836484346144,-3.1225274161191985
GAACTCAGGTTCCAT_3,GAACTCAGGTTCCAT,-0.01802202785125961,0.005343655910019543,4,357,134,442,70,196,-2.616023684103739,-2.6553248242189986,-2.683077614964342,-2.8458772979186113,-2.9166311754374705
GAACTCAGGTTCCAT_4,GAACTCAGGTTCCAT,-0.014164275203915678,0.006438103600926075,4,320,130,337,74,205,-2.6635419218960266,-2.6684862702769694,-2.8008699834420954,-2.821743618201892,-2.8971333857381922
GAACTCAGGTTCCAT_5,GAACTCAGGTTCCAT,-0.020778016325873727,0.005261467113305957,4,362,129,408,63,178,-2.6099833296827666,-2.671839912284557,-2.717839721223554,-2.8916347884792866,-2.9584672444850524
GAACTCAGGTTCCAT_6,GAACTCAGGTTCCAT,-0.024402448604043857,0.005790750248087878,4,355,134,375,71,151,-2.618463547160838,-2.6553248242189986,-2.754468616585715,-2.839716989213793,-3.029910299500777
GAGAATGAAGGACAG_0,GAGAATGAAGGACAG,-0.09697840437270924,0.0034217921451146823,2,86,13,19,3,3,-3.234193448972365,-3.6684862702769694,-4.049746283360605,-4.213854083213206,-4.731765992074284
GAGAATGAAGGACAG_1,GAGAATGAAGGACAG,-0.09556321556456666,0.04019149777876036,2,88,25,20,0,3,-3.2242092280657637,-3.3844896139117684,-4.027469888649453,-6.0,-4.731765992074284
GAGAATGAAGGACAG_2,GAGAATGAAGGACAG,-0.08185374594420129,0.007833413843039075,2,97,20,29,0,0,-3.1819201659496876,-3.481399626919825,-3.866101886414478,-6.0,-6.0
GAGAATGAAGGACAG_3,GAGAATGAAGGACAG,,,0,71,8,6,0,1,-3.3174335514968574,-3.8793396355918626,-4.55034863392979,-6.0,-5.208887246793947
GAGAATGAAGGACAG_4,GAGAATGAAGGACAG,-0.08804471771519902,0.03917134208376031,2,53,16,14,1,1,-3.4444160306151432,-3.5783096399278813,-4.182371848635196,-4.690975337932868,-5.208887246793947
GAGAATGAAGGACAG_5,GAGAATGAAGGACAG,-0.07494290869144668,0.01990194412629675,2,67,10,23,2,4,-3.342617097515106,-3.782429622583806,-3.966772048295841,-4.389945342268887,-4.606827255465984
GAGAATGAAGGACAG_6,GAGAATGAAGGACAG,-0.08185374594420129,0.00038330033394300367,2,97,18,29,0,1,-3.1819201659496876,-3.5271571174805,-3.866101886414478,-6.0,-5.208887246793947
GAGTGCTTCAAAGTT_0,GAGTGCTTCAAAGTT,0.0090362832695972,0.004867844956719107,4,303,129,552,156,491,-2.6872492717136276,-2.671839912284557,-2.586560806584235,-2.4978507395784066,-2.5178057546709782
GAGTGCTTCAAAGTT_1,GAGTGCTTCAAAGTT,0.008142246871903725,0.012015861679843587,4,181,105,283,80,283,-2.911013325346748,-2.761240323513868,-2.8767134487891437,-2.7878853509409245,-2.7571008112696562
GAGTGCTTCAAAGTT_2,GAGTGCTTCAAAGTT,-0.00038929151820559215,0.007987865937666372,4,305,119,487,88,339,-2.6843920608691465,-2.7068826611912753,-2.6409709230987994,-2.7464926657826996,-2.6786875485908643
GAGTGCTTCAAAGTT_3,GAGTGCTTCAAAGTT,-0.0010751948650378868,0.004541310123718952,4,258,103,410,81,279,-2.7570721942527023,-2.769592397878634,-2.7157160275936985,-2.7824903190542183,-2.763283043520349
GAGTGCTTCAAAGTT_4,GAGTGCTTCAAAGTT,-0.006530650908414115,0.008066823668997442,4,245,108,294,75,213,-2.7795258158514,-2.7490058670968565,-2.8601525539012767,-2.815914074541168,-2.880507643355209
GAGTGCTTCAAAGTT_5,GAGTGCTTCAAAGTT,-0.003366176807093057,0.006549148193007324,4,376,128,522,129,371,-2.5935040552882715,-2.6752196529359376,-2.610829381311172,-2.580385627633619,-2.639513337178901
GAGTGCTTCAAAGTT_6,GAGTGCTTCAAAGTT,0.001694566649144225,0.002526724187617775,4,346,143,582,133,418,-2.6296158014231557,-2.6270935851187445,-2.5635768996635453,-2.5671236969657825,-2.5877109650189114
GCAAGAAAGAAACCC_0,GCAAGAAAGAAACCC,,,0,6,1,0,0,0,-4.390540649832289,-4.782429622583806,-6.0,-6.0,-6.0
GCAAGAAAGAAACCC_1,GCAAGAAAGAAACCC,,,0,4,0,0,0,0,-4.56663190888797,-6.0,-6.0,-6.0,-6.0
GCAAGAAAGAAACCC_2,GCAAGAAAGAAACCC,,,0,3,1,0,0,0,-4.69157064549627,-4.782429622583806,-6.0,-6.0,-6.0
GCAAGAAAGAAACCC_3,GCAAGAAAGAAACCC,,,0,1,0,0,0,0,-5.168691900215933,-6.0,-6.0,-6.0,-6.0
GCAAGAAAGAAACCC_4,GCAAGAAAGAAACCC,,,0,1,0,0,0,0,-5.168691900215933,-6.0,-6.0,-6.0,-6.0
GCAAGAAAGAAACCC_5,GCAAGAAAGAAACCC,,,0,1,0,0,0,0,-5.168691900215933,-6.0,-6.0,-6.0,-6.0
GCAAGAAAGAAACCC_6,GCAAGAAAGAAACCC,,,0,1,0,0,0,0,-5.168691900215933,-6.0,-6.0,-6.0,-6.0
GCCCTCGAAACCTAT_0,GCCCTCGAAACCTAT,-0.028237205467527594,0.015780278361537746,4,74,25,63,17,27,-3.299460180484956,-3.3844896139117684,-3.5291593348598522,-3.460526416554594,-3.777523482634959
GCCCTCGAAACCTAT_1,GCCCTCGAAACCTAT,-0.04820143345234647,0.02138425318386105,4,67,14,51,10,11,-3.342617097515106,-3.636301586905568,-3.6209297082154976,-3.6909753379328682,-4.1674945616357215
GCCCTCGAAACCTAT_2,GCCCTCGAAACCTAT,-0.023214606415101785,0.010310895869778616,3,35,14,43,1,12,-3.6246238558656567,-3.636301586905568,-3.6950314287338473,-4.690975337932868,-4.129706000746322
GCCCTCGAAACCTAT_3,GCCCTCGAAACCTAT,-0.034016206984420684,0.009490010447029669,3,103,27,89,13,9,-3.1558546755107604,-3.351065858424819,-3.379109877668521,-3.5770319856260313,-4.254644737354622
GCCCTCGAAACCTAT_4,GCCCTCGAAACCTAT,-0.04547396617645978,0.0,1,21,1,13,2,6,-3.8464726054820133,-4.782429622583806,-4.214556532006597,-4.389945342268887,-4.430735996410303
GCCCTCGAAACCTAT_5,GCCCTCGAAACCTAT,-0.010607403259413608,0.010361498909513244,2,18,9,30,3,13,-3.9134193951126264,-3.828187113144481,-3.8513786295937713,-4.213854083213206,-4.09494389448711
GCCCTCGAAACCTAT_6,GCCCTCGAAACCTAT,-0.05419163553369871,0.0,1,25,5,13,1,3,-3.770751891543895,-4.083459618247788,-4.214556532006597,-4.690975337932868,-4.731765992074284
GCTAATTTCAAGAAT_0,GCTAATTTCAAGAAT,-0.0440822447055087,0.0009024032675702144,2,44,12,28,5,1,-3.525239223729745,-3.703248376536181,-3.8813418529712145,-3.9920053335968495,-5.208887246793947
GCTAATTTCAAGAAT_1,GCTAATTTCAAGAAT,,,0,11,4,8,3,2,-4.1272992150577075,-4.180369631255844,-4.42540989732149,-4.213854083213206,-4.907857251129966
GCTAATTTCAAGAAT_2,GCTAATTTCAAGAAT,-0.07092588183605449,0.0,1,43,8,16,3,2,-3.5352234446363457,-3.8793396355918626,-4.124379901657509,-4.213854083213206,-4.907857251129966
GCTAATTTCAAGAAT_3,GCTAATTTCAAGAAT,,,0,8,0,9,0,0,-4.265601913223989,-6.0,-4.374257374874109,-6.0,-6.0
GCTAATTTCAAGAAT_4,GCTAATTTCAAGAAT,-0.05101335181862038,0.012643067876437524,3,91,17,47,6,14,-3.209650507894839,-3.551980701205532,-3.6564020263777164,-3.9128240875492244,-4.062759211115709
GCTAATTTCAAGAAT_5,GCTAATTTCAAGAAT,,,0,2,0,0,0,0,-4.867661904551952,-6.0,-6.0,-6.0,-6.0
GCTAATTTCAAGAAT_6,GCTAATTTCAAGAAT,,,0,14,5,3,1,2,-4.022563864537695,-4.083459618247788,-4.851378629593771,-4.690975337932868,-4.907857251129966
GCTGCGGAGCCTCAG_0,GCTGCGGAGCCTCAG,-0.0610382094451766,0.0,1,44,10,1,0,0,-3.525239223729745,-3.782429622583806,-5.328499884313434,-6.0,-6.0
GCTGCGGAGCCTCAG_1,GCTGCGGAGCCTCAG,,,0,26,4,0,0,0,-3.7537185522451146,-4.180369631255844,-6.0,-6.0,-6.0
GCTGCGGAGCCTCAG_2,GCTGCGGAGCCTCAG,,,0,29,4,4,0,0,-3.7062939023169763,-4.180369631255844,-4.726439892985471,-6.0,-6.0
GCTGCGGAGCCTCAG_3,GCTGCGGAGCCTCAG,,,0,17,1,0,0,0,-3.9382429788376587,-4.782429622583806,-6.0,-6.0,-6.0
GCTGCGGAGCCTCAG_4,GCTGCGGAGCCTCAG,,,0,33,3,6,0,0,-3.650177960338045,-4.305308367864144,-4.55034863392979,-6.0,-6.0
GCTGCGGAGCCTCAG_5,GCTGCGGAGCCTCAG,,,0,30,1,5,0,0,-3.6915706454962702,-4.782429622583806,-4.629529879977415,-6.0,-6.0
GCTGCGGAGCCTCAG_6,GCTGCGGAGCCTCAG,,,0,54,4,3,1,0,-3.4362981403929638,-4.180369631255844,-4.851378629593771,-4.690975337932868,-6.0
GCTGCTTATGAGGAT_0,GCTGCTTATGAGGAT,-1.4143640935526322e-05,0.010087728880747592,4,343,158,546,93,387,-2.633397780173162,-2.5837725356293832,-2.5913072416086966,-2.722492389378933,-2.621176281775035
GCTGCTTATGAGGAT_1,GCTGCTTATGAGGAT,-0.004008368247697902,0.005220028121469346,4,548,230,858,157,527,-2.429911341731563,-2.4207017865662133,-2.3950125964647286,-2.4950756855236342,-2.4870766315814
GCTGCTTATGAGGAT_2,GCTGCTTATGAGGAT,0.003424371990605412,0.01030018362185035,4,224,125,356,77,290,-2.8184438818817696,-2.6855196095757496,-2.7770498863405586,-2.8044846127603864,-2.7464892488949904
GCTGCTTATGAGGAT_3,GCTGCTTATGAGGAT,-0.01555902663438147,0.008788176557183744,4,307,123,380,89,186,-2.681553524738746,-2.6925245111444083,-2.748716287696624,-2.7415853312879555,-2.9393743025760304
GCTGCTTATGAGGAT_4,GCTGCTTATGAGGAT,-3.6469792216053465e-05,0.004553269797345839,4,440,166,703,153,496,-2.525239223729745,-2.562321534543751,-2.48154455929361,-2.5062839071152694,-2.5134055703037492
GCTGCTTATGAGGAT_5,GCTGCTTATGAGGAT,-0.003729869220820437,0.008814574545704603,4,363,151,543,149,353,-2.60878527517982,-2.6034526752906366,-2.5937000547245868,-2.5177890695205942,-2.661112541406124
GCTGCTTATGAGGAT_6,GCTGCTTATGAGGAT,-0.0018929492763586798,0.007098440012384671,4,279,142,506,111,292,-2.723087696942335,-2.6301412782007496,-2.6243493674736347,-2.6456523591462107,-2.7435043953455285
GGTGGAAGTAGCAGT_0,GGTGGAAGTAGCAGT,,,0,77,8,7,1,4,-3.2822011750434505,-3.8793396355918626,-4.483401844299177,-4.690975337932868,-4.606827255465984
GGTGGAAGTAGCAGT_1,GGTGGAAGTAGCAGT,,,0,50,2,3,1,0,-3.4697218958799136,-4.481399626919825,-4.851378629593771,-4.690975337932868,-6.0
GGTGGAAGTAGCAGT_2,GGTGGAAGTAGCAGT,,,0,4,0,0,0,0,-4.56663190888797,-6.0,-6.0,-6.0,-6.0
GGTGGAAGTAGCAGT_3,GGTGGAAGTAGCAGT,-0.0794085100308148,0.014615368539829587,2,86,20,27,3,2,-3.234193448972365,-3.481399626919825,-3.8971361201544465,-4.213854083213206,-4.907857251129966
GGTGGAAGTAGCAGT_4,GGTGGAAGTAGCAGT,-0.0618191054567129,0.0,1,56,7,25,1,1,-3.420503873209732,-3.9373315825695494,-3.9305598756413964,-4.690975337932868,-5.208887246793947
GGTGGAAGTAGCAGT_5,GGTGGAAGTAGCAGT,,,0,16,4,2,0,0,-3.964571917560008,-4.180369631255844,-5.027469888649453,-6.0,-6.0
GGTGGAAGTAGCAGT_6,GGTGGAAGTAGCAGT,,,0,2,0,0,0,0,-4.867661904551952,-6.0,-6.0,-6.0,-6.0
GGTTGCCCAGAAGTA_0,GGTTGCCCAGAAGTA,0.0037431800594587062,0.003362585585991653,4,453,199,704,160,594,-2.5125936982031005,-2.4835765461740995,-2.4809272251713215,-2.4868553552769432,-2.435100801812753
GGTTGCCCAGAAGTA_1,GGTTGCCCAGAAGTA,0.009719563671710185,0.004528281558083322,4,511,261,1001,223,851,-2.4602710000812196,-2.365789115245525,-2.328065806834115,-2.3426704748847076,-2.278957686709359
GGTTGCCCAGAAGTA_2,GGTTGCCCAGAAGTA,0.0029467213883381804,0.003199187424713688,4,633,278,1059,268,804,-2.3672881901985776,-2.3383848266657297,-2.303603924205949,-2.2628405439040793,-2.3036311980454953
GGTTGCCCAGAAGTA_3,GGTTGCCCAGAAGTA,0.007544286008120026,0.005339720192499426,4,395,214,803,181,603,-2.5720948045894723,-2.4520158492346154,-2.423784339034753,-2.4332967630636837,-2.4285699346537952
GGTTGCCCAGAAGTA_4,GGTTGCCCAGAAGTA,0.003078395886815133,0.005954342776397689,4,419,216,723,155,535,-2.5464778772496373,-2.447975871432875,-2.469361587018903,-2.500643639762577,-2.480533464772718
GGTTGCCCAGAAGTA_5,GGTTGCCCAGAAGTA,0.0041469613737952,0.0019418697566208469,4,460,211,773,178,613,-2.5059340685343585,-2.4581471672861133,-2.440320390395109,-2.440555335623974,-2.4214267722755314
GGTTGCCCAGAAGTA_6,GGTTGCCCAGAAGTA,0.005326600414541516,0.007078238120519776,4,466,258,983,201,651,-2.5003059835259323,-2.370809916620576,-2.335946366481298,-2.387779280512379,-2.3953062582257547
GTAATCTGACTCTAG_0,GTAATCTGACTCTAG,-0.055819746193314985,0.015749573065273758,4,190,41,77,17,23,-2.8899382992631035,-3.1696457658640704,-3.442009159140952,-3.460526416554594,-3.847159410776354
GTAATCTGACTCTAG_1,GTAATCTGACTCTAG,-0.05985611536797545,0.005558877097858885,4,233,60,117,16,24,-2.8013359791899135,-3.0042783722001625,-3.260314022567272,-3.4868553552769432,-3.8286760050823405
GTAATCTGACTCTAG_2,GTAATCTGACTCTAG,-0.04414754008071226,0.010475578777323592,3,94,29,53,5,20,-3.1955640466162336,-3.32003162468485,-3.6042240147126448,-3.9920053335968495,-3.907857251129965
GTAATCTGACTCTAG_3,GTAATCTGACTCTAG,-0.07206303410227988,0.013237695683883685,2,110,27,40,5,4,-3.1272992150577075,-3.351065858424819,-3.7264398929854714,-3.9920053335968495,-4.606827255465984
GTAATCTGACTCTAG_4,GTAATCTGACTCTAG,-0.055327321502764135,0.014424522621649625,2,122,36,62,7,8,-3.0823320695411844,-3.2261271218165186,-3.53610819481518,-3.8458772979186113,-4.305797259802003
GTAATCTGACTCTAG_5,GTAATCTGACTCTAG,-0.0745865218107683,0.014812654569848371,4,210,50,95,13,12,-2.8464726054820133,-3.083459618247787,-3.350776279024586,-3.5770319856260313,-4.129706000746322
GTAATCTGACTCTAG_6,GTAATCTGACTCTAG,-0.0506697435503948,0.001977818869523357,3,99,25,53,8,15,-3.1730567056183827,-3.3844896139117684,-3.6042240147126448,-3.7878853509409245,-4.0327959877382655
GTACAAGAAATTTTG_0,GTACAAGAAATTTTG,-0.01629720606408587,0.029164003105918414,4,34,22,49,16,20,-3.6372129831736775,-3.4400069417615997,-3.63830380428492,-3.4868553552769432,-3.907857251129965
GTACAAGAAATTTTG_1,GTACAAGAAATTTTG,-0.02682550620238445,0.005347409524942024,3,55,20,54,5,19,-3.4283292107216887,-3.481399626919825,-3.5961061244904653,-3.9920053335968495,-3.9301336458411176
GTACAAGAAATTTTG_2,GTACAAGAAATTTTG,0.012572357939293278,0.004749956142376472,4,135,59,287,69,252,-3.0383581317209263,-3.0115776109416617,-2.8706179875794415,-2.8521262471956126,-2.8074867060124027
GTACAAGAAATTTTG_3,GTACAAGAAATTTTG,0.00807801332141438,0.01825679975860356,4,84,47,111,24,131,-3.244412614154051,-3.110331764648089,-3.2831769055267763,-3.310764096221262,-3.0916159511381824
GTACAAGAAATTTTG_4,GTACAAGAAATTTTG,-0.000722166784256185,0.013943794838802336,4,31,17,39,10,34,-3.6773302063816597,-3.551980701205532,-3.737435277286935,-3.6909753379328682,-3.6774083297516915
GTACAAGAAATTTTG_5,GTACAAGAAATTTTG,0.005803718866271224,0.0118537002571759,4,92,49,137,43,131,-3.2049040728703773,-3.0922335425552925,-3.1917793171570272,-3.0575068823532816,-3.0916159511381824
GTACAAGAAATTTTG_6,GTACAAGAAATTTTG,0.0014247059976263846,0.014005250317795348,4,41,19,54,19,49,-3.555908043496197,-3.503676021630977,-3.5961061244904653,-3.4122217369800394,-3.518691166765433
GTCACCGGCACTAAC_0,GTCACCGGCACTAAC,0.042068576470812594,0.00459657783754744,4,230,154,800,251,1397,-2.8069640641983398,-2.594908901747343,-2.42540989732149,-2.29130161645183,-2.0636908406797647
GTCACCGGCACTAAC_1,GTCACCGGCACTAAC,0.039382500844055854,0.005683398848468303,4,301,226,1137,350,1642,-2.6901254046220893,-2.428321183436405,-2.272739419625699,-2.1469072935825926,-1.9935140940105247
GTCACCGGCACTAAC_2,GTCACCGGCACTAAC,0.041304691852111365,0.004042761920430212,4,496,360,1949,641,2922,-2.473210223725735,-2.2261271218165186,-2.0386880451958125,-1.8841173084140508,-1.7432070351956688
GTCACCGGCACTAAC_3,GTCACCGGCACTAAC,0.03749263565259762,0.00409528316739963,4,345,188,966,335,1745,-2.6308728051426584,-2.5082717733201263,-2.3435227578979405,-2.165930530896023,-1.9670918154987478
GTCACCGGCACTAAC_4,GTCACCGGCACTAAC,0.04064077218026354,0.003236320096456921,4,509,327,1954,666,2920,-2.4619741178791736,-2.26788186992352,-2.0375753249306796,-1.867501108762567,-1.7435043953455283
GTCACCGGCACTAAC_5,GTCACCGGCACTAAC,0.0358642824544456,0.003259050848470152,4,410,246,1400,466,1943,-2.555908043496197,-2.391494515480427,-2.1823718486351957,-2.022589421242868,-1.9204144461941641
GTCACCGGCACTAAC_6,GTCACCGGCACTAAC,0.036141999397611466,0.0019757663123126557,4,423,268,1352,452,2027,-2.54235153284089,-2.3542948285550174,-2.1975231927078167,-2.0358369031214862,-1.902033498100938
GTGTGATTACTAAAT_0,GTGTGATTACTAAAT,-0.053132727403780576,0.00299570457825843,3,98,25,56,9,12,-3.1774658245234377,-3.3844896139117684,-3.5803118573072337,-3.736732828493543,-4.129706000746322
GTGTGATTACTAAAT_1,GTGTGATTACTAAAT,-0.026434622025944914,0.005955533362133794,3,72,20,60,9,30,-3.311359403784664,-3.481399626919825,-3.55034863392979,-3.736732828493543,-3.7317659920742843
GTGTGATTACTAAAT_2,GTGTGATTACTAAAT,-0.041768567568773736,0.0,1,36,7,24,4,6,-3.612389399448645,-3.9373315825695494,-3.948288642601828,-4.088915346604906,-4.430735996410303
GTGTGATTACTAAAT_3,GTGTGATTACTAAAT,-0.053016470637689085,0.014802120451686981,4,96,23,63,11,13,-3.186420667176364,-3.4207017865662133,-3.5291593348598522,-3.6495826527746433,-4.09494389448711
GTGTGATTACTAAAT_4,GTGTGATTACTAAAT,-0.05582953667810687,0.008396179800297117,3,97,22,40,8,14,-3.1819201659496876,-3.4400069417615997,-3.7264398929854714,-3.7878853509409245,-4.062759211115709
GTGTGATTACTAAAT_5,GTGTGATTACTAAAT,-0.0507082576810078,0.01955605558340985,4,101,45,89,13,15,-3.1643705264332898,-3.1292171088084624,-3.379109877668521,-3.5770319856260313,-4.0327959877382655
GTGTGATTACTAAAT_6,GTGTGATTACTAAAT,-0.04883843362318454,0.025840104016113485,3,54,20,24,3,11,-3.4362981403929638,-3.481399626919825,-3.948288642601828,-4.213854083213206,-4.1674945616357215
GTTAAATCAACAGTT_0,GTTAAATCAACAGTT,-0.0261105900665795,0.013983545076907794,4,73,20,87,16,29,-3.3053690400954765,-3.481399626919825,-3.3889806316948152,-3.4868553552769432,-3.7464892488949904
GTTAAATCAACAGTT_1,GTTAAATCAACAGTT,-0.030910039553014582,0.01691833436698972,4,61,24,70,15,20,-3.3833620652051652,-3.4022183808722,-3.483401844299177,-3.514884078877187,-3.907857251129965
GTTAAATCAACAGTT_2,GTTAAATCAACAGTT,-0.045960399784291145,0.01111929734647723,2,62,14,38,3,4,-3.3763002107176785,-3.636301586905568,-3.748716287696624,-4.213854083213206,-4.606827255465984
GTTAAATCAACAGTT_3,GTTAAATCAACAGTT,-0.034577504453693675,0.01231087367624877,4,166,50,178,30,47,-2.9485838121758774,-3.083459618247787,-3.07807988200454,-3.2138540832132056,-3.5367893888582294
GTTAAATCAACAGTT_4,GTTAAATCAACAGTT,-0.01596825394964807,0.023211805858174703,4,151,55,218,20,90,-2.989714952922763,-3.042066933089562,-2.990043390708829,-3.389945342268887,-3.2546447373546217
GTTAAATCAACAGTT_5,GTTAAATCAACAGTT,-0.039941958497193765,0.023225310322129492,3,101,49,105,9,15,-3.1643705264332898,-3.0922335425552925,-3.3073105852434956,-3.736732828493543,-4.0327959877382655
GTTAAATCAACAGTT_6,GTTAAATCAACAGTT,-0.033950565466254724,0.01974925908025077,4,124,48,110,10,36,-3.0752702150536972,-3.1011883852082187,-3.287107199155209,-3.6909753379328682,-3.652584746026659
GTTCAGCTTTGATCG_0,GTTCAGCTTTGATCG,-0.03859987043848091,0.013082610842861614,3,80,28,51,9,21,-3.265601913223989,-3.335271591241587,-3.6209297082154976,-3.736732828493543,-3.8866679520600274
GTTCAGCTTTGATCG_1,GTTCAGCTTTGATCG,-0.045288750014111465,0.017620482351671185,4,103,48,107,14,19,-3.1558546755107604,-3.1011883852082187,-3.299116106628224,-3.54484730225463,-3.9301336458411176
GTTCAGCTTTGATCG_2,GTTCAGCTTTGATCG,-0.025061485089103684,0.016496220285657018,4,70,38,72,12,29,-3.3235938602016755,-3.2026460259669958,-3.4711673878821654,-3.611794091885243,-3.7464892488949904
GTTCAGCTTTGATCG_3,GTTCAGCTTTGATCG,-0.03736245290639496,0.02084355558325713,3,74,13,47,7,21,-3.299460180484956,-3.6684862702769694,-3.6564020263777164,-3.8458772979186113,-3.8866679520600274
GTTCAGCTTTGATCG_4,GTTCAGCTTTGATCG,,,0,15,2,7,2,0,-3.992600641160251,-4.481399626919825,-4.483401844299177,-4.389945342268887,-6.0
GTTCAGCTTTGATCG_5,GTTCAGCTTTGATCG,-0.02171185983328712,0.01323023095046072,4,95,29,60,12,45,-3.190968294927085,-3.32003162468485,-3.55034863392979,-3.611794091885243,-3.555674733018603
GTTCAGCTTTGATCG_6,GTTCAGCTTTGATCG,-0.03467960979953407,0.04134449906201198,3,46,31,32,5,14,-3.5059340685343585,-3.2910679287495332,-3.8233499059935276,-3.9920053335968495,-4.062759211115709
GTTGAACTGGTTGTT_0,GTTGAACTGGTTGTT,,,0,26,4,8,1,9,-3.7537185522451146,-4.180369631255844,-4.42540989732149,-4.690975337932868,-4.254644737354622
GTTGAACTGGTTGTT_1,GTTGAACTGGTTGTT,-0.051374838556136816,0.01845836741541246,2,40,13,22,2,5,-3.56663190888797,-3.6684862702769694,-3.9860772034912277,-4.389945342268887,-4.509917242457928
GTTGAACTGGTTGTT_2,GTTGAACTGGTTGTT,-0.046119136418255206,0.0,1,18,3,11,0,0,-3.9134193951126264,-4.305308367864144,-4.2871071991552085,-6.0,-6.0
GTTGAACTGGTTGTT_3,GTTGAACTGGTTGTT,-0.04138605122657996,0.022583589563718025,3,57,11,46,3,10,-3.412817044543441,-3.741036937425581,-3.6657420526318596,-4.213854083213206,-4.208887246793947
GTTGAACTGGTTGTT_4,GTTGAACTGGTTGTT,-0.03757208738750456,0.013537119146750385,3,65,14,47,6,16,-3.3557785435730767,-3.636301586905568,-3.6564020263777164,-3.9128240875492244,-4.004767264138022
GTTGAACTGGTTGTT_5,GTTGAACTGGTTGTT,-0.016717479528139553,0.012921042235622241,2,40,17,44,5,7,-3.56663190888797,-3.551980701205532,-3.6850472078272465,-3.9920053335968495,-4.36378920677969
GTTGAACTGGTTGTT_6,GTTGAACTGGTTGTT,-0.04577070295245048,0.0,1,26,2,16,1,5,-3.7537185522451146,-4.481399626919825,-4.124379901657509,-4.690975337932868,-4.509917242457928
GTTGGGCGCTTAAAG_0,GTTGGGCGCTTAAAG,0.0014465193668438568,0.006140796920063138,4,678,304,1153,218,811,-2.337462206348869,-2.2995560389750525,-2.266670577018735,-2.352518844328263,-2.2998663925827905
GTTGGGCGCTTAAAG_1,GTTGGGCGCTTAAAG,-5.9544635910891135e-05,0.0034159274772698877,4,1014,457,1519,337,1142,-2.162653945218615,-2.122513422513956,-2.1469421104506474,-2.1633454370615293,-2.1512211428841175
GTTGGGCGCTTAAAG_2,GTTGGGCGCTTAAAG,0.0014422220203513135,0.002009972636371413,4,495,216,776,172,592,-2.474086701282364,-2.447975871432875,-2.4386381630552454,-2.455446891025319,-2.436565540071027
GTTGGGCGCTTAAAG_3,GTTGGGCGCTTAAAG,-0.0017790017362441894,0.002624331044976486,4,545,238,797,185,573,-2.43229539793929,-2.405852665527294,-2.4270415629173216,-2.4238036095298545,-2.4507326248265566
GTTGGGCGCTTAAAG_4,GTTGGGCGCTTAAAG,-0.002680205951140313,0.005164476748696641,4,636,253,927,178,645,-2.3652347845675186,-2.3793091014079883,-2.3614201501689367,-2.440555335623974,-2.399327532158679
GTTGGGCGCTTAAAG_5,GTTGGGCGCTTAAAG,0.0042890870112734176,0.007159290893930039,4,970,403,1491,449,1300,-2.1819201659496876,-2.1771245764426967,-2.1550222408604394,-2.038728996929545,-2.09494389448711
GTTGGGCGCTTAAAG_6,GTTGGGCGCTTAAAG,0.0003751222004729988,0.0050582903118019705,4,548,208,904,206,628,-2.429911341731563,-2.4643662876210444,-2.3723314538380706,-2.3771081175637145,-2.4109276030567504
GTTTAGCTTCCGTTG_0,GTTTAGCTTCCGTTG,-0.05200477604005672,0.017794647437163597,3,91,35,62,7,10,-3.209650507894839,-3.2383615782335307,-3.53610819481518,-3.8458772979186113,-4.208887246793947
GTTTAGCTTCCGTTG_1,GTTTAGCTTCCGTTG,-0.05998839960315951,0.026339314212973447,2,54,18,25,5,6,-3.4362981403929638,-3.5271571174805,-3.9305598756413964,-3.9920053335968495,-4.430735996410303
GTTTAGCTTCCGTTG_2,GTTTAGCTTCCGTTG,-0.061550976554730685,0.002084761746119382,3,203,44,87,4,20,-2.8611958623027194,-3.1389769460976185,-3.3889806316948152,-4.088915346604906,-3.907857251129965
GTTTAGCTTCCGTTG_3,GTTTAGCTTCCGTTG,-0.05578682979619631,0.006954527573970928,4,132,34,80,11,16,-3.0481179690100824,-3.250950705541551,-3.42540989732149,-3.6495826527746433,-4.004767264138022
GTTTAGCTTCCGTTG_4,GTTTAGCTTCCGTTG,-0.03848257627339333,0.029375168241458482,4,128,33,79,30,31,-3.061481930568064,-3.2639156827059184,-3.4308727930229925,-3.2138540832132056,-3.717525552959674
GTTTAGCTTCCGTTG_5,GTTTAGCTTCCGTTG,-0.09718937514984463,0.03507550508650981,2,50,13,11,1,7,-3.4697218958799136,-3.6684862702769694,-4.2871071991552085,-4.690975337932868,-4.36378920677969
GTTTAGCTTCCGTTG_6,GTTTAGCTTCCGTTG,,,0,22,4,6,2,1,-3.826269219393726,-4.180369631255844,-4.55034863392979,-4.389945342268887,-5.208887246793947
GTTTGTTTTGGGAAA_0,GTTTGTTTTGGGAAA,,,0,5,1,0,0,0,-4.469721895879914,-4.782429622583806,-6.0,-6.0,-6.0
GTTTGTTTTGGGAAA_1,GTTTGTTTTGGGAAA,,,0,8,0,0,0,0,-4.265601913223989,-6.0,-6.0,-6.0,-6.0
GTTTGTTTTGGGAAA_2,GTTTGTTTTGGGAAA,,,0,6,1,1,0,0,-4.390540649832289,-4.782429622583806,-5.328499884313434,-6.0,-6.0
GTTTGTTTTGGGAAA_3,GTTTGTTTTGGGAAA,,,0,4,1,0,0,0,-4.56663190888797,-4.782429622583806,-6.0,-6.0,-6.0
GTTTGTTTTGGGAAA_4,GTTTGTTTTGGGAAA,,,0,6,6,0,0,0,-4.390540649832289,-4.0042783722001625,-6.0,-6.0,-6.0
GTTTGTTTTGGGAAA_5,GTTTGTTTTGGGAAA,,,0,6,1,0,0,0,-4.390540649832289,-4.782429622583806,-6.0,-6.0,-6.0
GTTTGTTTTGGGAAA_6,GTTTGTTTTGGGAAA,,,0,4,0,0,0,0,-4.56663190888797,-6.0,-6.0,-6.0,-6.0
TAACCTCGCGCTGAG_0,TAACCTCGCGCTGAG,-3.105795108657638e-05,0.006014500555029457,4,149,60,265,52,168,-2.9955056318036584,-3.0042783722001625,-2.905254010376626,-2.974971994298069,-2.9835779650680836
TAACCTCGCGCTGAG_1,TAACCTCGCGCTGAG,-0.016112703381645256,0.0049020734197803275,4,135,54,169,34,80,-3.0383581317209263,-3.0500358627608377,-3.1006131796997605,-3.159496420890613,-3.305797259802003
TAACCTCGCGCTGAG_2,TAACCTCGCGCTGAG,-0.004470746083068521,0.004814743692659679,4,286,112,436,82,270,-2.7123258670868893,-2.7332115999136244,-2.689013395044848,-2.7771614855491515,-2.777523482634959
TAACCTCGCGCTGAG_3,TAACCTCGCGCTGAG,-0.005058541507680459,0.004879003962676877,4,321,127,432,83,296,-2.6621868678110605,-2.678625901627849,-2.693016137498522,-2.771897245556794,-2.737595535735008
TAACCTCGCGCTGAG_4,TAACCTCGCGCTGAG,-0.005687055118914274,0.007636539944100992,4,258,118,346,65,232,-2.7570721942527023,-2.710547615277681,-2.789423785520657,-2.8780619812900126,-2.843399261903047
TAACCTCGCGCTGAG_5,TAACCTCGCGCTGAG,-0.004323300051139611,0.005181878614540401,4,139,65,236,46,132,-3.0256770999618374,-2.9695162659409506,-2.955587881343327,-3.028217506251294,-3.088313315588097
TAACCTCGCGCTGAG_6,TAACCTCGCGCTGAG,-0.00866749387689558,0.009926908522712571,4,218,96,255,46,174,-2.8302354066113278,-2.800158389544238,-2.921959703879479,-3.028217506251294,-2.968337998511347
TAATATTGTTTTGCG_0,TAATATTGTTTTGCG,,,0,5,0,0,0,0,-4.469721895879914,-6.0,-6.0,-6.0,-6.0
TAATATTGTTTTGCG_1,TAATATTGTTTTGCG,-0.012348381919660879,0.008787655827935267,4,45,16,40,10,31,-3.515479386440589,-3.5783096399278813,-3.7264398929854714,-3.6909753379328682,-3.717525552959674
TAATATTGTTTTGCG_2,TAATATTGTTTTGCG,,,0,10,0,4,0,0,-4.168691900215933,-6.0,-4.726439892985471,-6.0,-6.0
TAATATTGTTTTGCG_3,TAATATTGTTTTGCG,,,0,21,3,0,0,0,-3.8464726054820133,-4.305308367864144,-6.0,-6.0,-6.0
TAATATTGTTTTGCG_4,TAATATTGTTTTGCG,,,0,17,1,0,0,0,-3.9382429788376587,-4.782429622583806,-6.0,-6.0,-6.0
TAATATTGTTTTGCG_5,TAATATTGTTTTGCG,,,0,14,6,3,0,1,-4.022563864537695,-4.0042783722001625,-4.851378629593771,-6.0,-5.208887246793947
TAATATTGTTTTGCG_6,TAATATTGTTTTGCG,,,0,23,0,1,0,0,-3.8069640641983398,-6.0,-5.328499884313434,-6.0,-6.0
TACACCAATTACACT_0,TACACCAATTACACT,,,0,10,1,0,0,0,-4.168691900215933,-4.782429622583806,-6.0,-6.0,-6.0
TACACCAATTACACT_1,TACACCAATTACACT,,,0,9,1,0,0,0,-4.214449390776608,-4.782429622583806,-6.0,-6.0,-6.0
TACACCAATTACACT_2,TACACCAATTACACT,,,0,11,0,1,0,0,-4.1272992150577075,-6.0,-5.328499884313434,-6.0,-6.0
TACACCAATTACACT_3,TACACCAATTACACT,,,0,5,0,1,0,0,-4.469721895879914,-6.0,-5.328499884313434,-6.0,-6.0
TACACCAATTACACT_4,TACACCAATTACACT,,,0,7,2,0,0,1,-4.323593860201676,-4.481399626919825,-6.0,-6.0,-5.208887246793947
TACACCAATTACACT_5,TACACCAATTACACT,,,0,14,0,0,0,0,-4.022563864537695,-6.0,-6.0,-6.0,-6.0
TACACCAATTACACT_6,TACACCAATTACACT,,,0,14,0,0,0,0,-4.022563864537695,-6.0,-6.0,-6.0,-6.0
TAGACGGACATCTTC_1,TAGACGGACATCTTC,-0.018154591652603903,0.03208231277163688,3,27,11,16,9,26,-3.737328136056945,-3.741036937425581,-4.124379901657509,-3.736732828493543,-3.7939138988231287
TAGACGGACATCTTC_2,TAGACGGACATCTTC,0.00753992148296927,0.014905751985141102,4,76,42,116,23,116,-3.287878307935141,-3.1591803321859055,-3.2640418950865153,-3.329247501915275,-3.1444292575670283
TAGACGGACATCTTC_3,TAGACGGACATCTTC,0.0029530106256524303,0.0011992931931349704,3,44,19,70,7,56,-3.525239223729745,-3.503676021630977,-3.483401844299177,-3.8458772979186113,-3.460699219787746
TAGACGGACATCTTC_4,TAGACGGACATCTTC,-0.01064604406222395,0.01903513023770373,3,28,15,54,5,13,-3.7215338688737134,-3.606338363528125,-3.5961061244904653,-3.9920053335968495,-4.09494389448711
TAGACGGACATCTTC_5,TAGACGGACATCTTC,,,0,1,0,0,0,0,-5.168691900215933,-6.0,-6.0,-6.0,-6.0
TAGACGGACATCTTC_6,TAGACGGACATCTTC,,,0,8,2,0,0,0,-4.265601913223989,-4.481399626919825,-6.0,-6.0,-6.0
TATATTGAACTTTAC_0,TATATTGAACTTTAC,-0.0005521782258422809,0.0052859095061879606,4,1151,449,1682,338,1271,-2.1076165765861408,-2.130183281580483,-2.1026738928515405,-2.1620586376552136,-2.1047416962399383
TATATTGAACTTTAC_1,TATATTGAACTTTAC,-0.0011772018648946055,0.0016502930945409215,4,1117,450,1702,369,1203,-2.1206387271003235,-2.1292171088084624,-2.0975403285648646,-2.1239489717738076,-2.1286216194541017
TATATTGAACTTTAC_2,TATATTGAACTTTAC,0.0018453440729154333,0.003947151841699422,4,961,434,1482,323,1168,-2.185968512547387,-2.1449398930712955,-2.1576516806701247,-2.1817728156017653,-2.141444404017566
TATATTGAACTTTAC_3,TATATTGAACTTTAC,0.00042979446957229814,0.0013461296007520015,4,963,399,1540,350,1106,-2.185065613091398,-2.181456726897058,-2.140979163476971,-2.1469072935825926,-2.1651321198252673
TATATTGAACTTTAC_4,TATATTGAACTTTAC,0.0035462705055003155,0.0016772613585600974,4,824,346,1392,327,1072,-2.2527646885188166,-2.2433535237910296,-2.1848606490388907,-2.1764275852725823,-2.1786924614371954
TATATTGAACTTTAC_5,TATATTGAACTTTAC,-0.004792181011883946,0.0075548457228220185,4,897,366,1347,347,836,-2.2158994571718402,-2.2189485371893953,-2.199132288590448,-2.1506458631419942,-2.28668096935493
TATATTGAACTTTAC_6,TATATTGAACTTTAC,0.0009652742252366453,0.002440918270498759,4,1021,452,1724,399,1198,-2.1596661581290224,-2.127291187772424,-2.09196262282474,-2.09000244224612,-2.130430428740654
TATGCCCTTCTTCTG_0,TATGCCCTTCTTCTG,-0.013356807631120238,0.008486282156460545,4,133,42,179,35,88,-3.0448402592488466,-3.1591803321859055,-3.0756468533335406,-3.1469072935825926,-3.2644045746437778
TATGCCCTTCTTCTG_1,TATGCCCTTCTTCTG,-0.0009722248517033847,0.006869646300776729,4,198,71,271,55,215,-2.8720267099544015,-2.931171273864731,-2.895530593439028,-2.950612648438624,-2.876448786878341
TATGCCCTTCTTCTG_2,TATGCCCTTCTTCTG,-0.0015092905456562493,0.008425104709553691,4,223,98,419,71,237,-2.8203870371677717,-2.7912035468913112,-2.7062858613471388,-2.839716989213793,-2.834138900783843
TATGCCCTTCTTCTG_3,TATGCCCTTCTTCTG,0.0004139433575986333,0.007129391484541608,4,291,132,387,103,334,-2.704798911230025,-2.6618556913779563,-2.7407889192945225,-2.678138113227696,-2.6851407799823823
TATGCCCTTCTTCTG_4,TATGCCCTTCTTCTG,-0.0043056608773322635,0.005581781271094343,4,161,64,260,48,153,-2.961866024184083,-2.976249648599919,-2.9135265363426157,-3.009734100557281,-3.024195815976348
TATGCCCTTCTTCTG_5,TATGCCCTTCTTCTG,-0.016930151263693082,0.021105209079041103,4,136,62,104,33,78,-3.035152991845715,-2.990037933085552,-3.3114665450146537,-3.1724613980549807,-3.316792644103466
TATGCCCTTCTTCTG_6,TATGCCCTTCTTCTG,0.0027917891544777533,0.00626596709653631,4,122,59,186,49,154,-3.0823320695411844,-3.0115776109416617,-3.0589869400955174,-3.0007792579043544,-3.0213665259574833
TCAAAACGGAGTGTT_0,TCAAAACGGAGTGTT,0.0021993038253441907,0.0037433012336528853,4,941,412,1620,400,1160,-2.1951022767886754,-2.1675324065506714,-2.118984869770803,-2.0889153466049057,-2.1444292575670283
TCAAAACGGAGTGTT_1,TCAAAACGGAGTGTT,-0.0011634111326331632,0.0039608409370744686,4,696,302,1027,212,750,-2.3260826606053704,-2.3024226796266554,-2.3169294407161556,-2.3646394770041166,-2.333825983402247
TCAAAACGGAGTGTT_2,TCAAAACGGAGTGTT,0.0015774383694447506,0.001244269116842162,4,736,304,1178,274,885,-2.3018140858784335,-2.2995560389750525,-2.257354593862351,-2.2532247751124803,-2.2619439760961213
TCAAAACGGAGTGTT_3,TCAAAACGGAGTGTT,-0.0007416822024267631,0.003233771251586393,4,490,204,718,180,537,-2.478495820187419,-2.472799455157907,-2.4723754400711337,-2.4357028328295622,-2.478912961094391
TCAAAACGGAGTGTT_4,TCAAAACGGAGTGTT,0.0042897512777240205,0.006113401417981004,4,579,228,1057,225,776,-2.4060133364884964,-2.4244947755833524,-2.3044248970060077,-2.3387928198215056,-2.3190255255357584
TCAAAACGGAGTGTT_5,TCAAAACGGAGTGTT,-0.0014429827116028587,0.0044651471519986325,4,564,236,782,202,601,-2.41741279623259,-2.4095176196136996,-2.435293131253586,-2.3856239684862444,-2.4300127747912073
TCAAAACGGAGTGTT_6,TCAAAACGGAGTGTT,0.005071372376300244,0.0038595443891524493,4,1233,561,1947,517,1705,-2.077728823620201,-2.0334667613276447,-2.039133932793402,-1.9774847948389256,-1.9771628634654301
TCAAAGCATGAAAAA_0,TCAAAGCATGAAAAA,-0.007568670592646231,0.0036437785834658076,4,958,366,1400,291,799,-2.187326391137388,-2.2189485371893953,-2.1823718486351957,-2.227082348946961,-2.3063404674799552
TCAAAGCATGAAAAA_1,TCAAAGCATGAAAAA,-0.003134451202754507,0.0017266151690202669,4,730,299,1040,221,727,-2.3053690400954765,-2.3067584342593763,-2.3114665450146537,-2.346583064247757,-2.3473528359349087
TCAAAGCATGAAAAA_2,TCAAAGCATGAAAAA,-0.001838214717001829,0.0018989308390277497,4,900,379,1323,284,944,-2.2144493907766076,-2.2037904126157337,-2.2069400401259327,-2.2376569978858303,-2.2339152524958776
TCAAAGCATGAAAAA_3,TCAAAGCATGAAAAA,-0.0015524266710573494,0.0008863391273676592,4,886,371,1326,303,940,-2.2212581783288816,-2.2130557129687602,-2.2059563602446794,-2.209532709430563,-2.235759393194248
TCAAAGCATGAAAAA_4,TCAAAGCATGAAAAA,-0.005170069635234165,0.003174040766643816,4,866,344,1259,288,795,-2.231174008198586,-2.245871180012276,-2.2284741542055713,-2.2315828501736372,-2.3085201181374764
TCAAAGCATGAAAAA_5,TCAAAGCATGAAAAA,-0.010940900391500596,0.0037621152653652947,4,601,237,729,164,438,-2.389817428213193,-2.4076812765737023,-2.465772355995459,-2.4761314898851703,-2.567413136289847
TCAAAGCATGAAAAA_6,TCAAAGCATGAAAAA,-0.0003423427111311826,0.004289063869532015,4,634,302,1040,240,706,-2.3666026423342,-2.3024226796266554,-2.3114665450146537,-2.310764096221262,-2.360082545742143
TCAAATGATGAGGAT_0,TCAAATGATGAGGAT,-0.007308862142535855,0.002543056829501825,4,744,300,940,201,627,-2.297118964670054,-2.3053083678641437,-2.355372030713735,-2.387779280512379,-2.41161970596323
TCAAATGATGAGGAT_1,TCAAATGATGAGGAT,-0.014479413765345315,0.008412584971571437,4,773,295,889,139,489,-2.2805124062976074,-2.312607606605643,-2.37959812334322,-2.547960537678773,-2.519578387670326
TCAAATGATGAGGAT_2,TCAAATGATGAGGAT,-0.011490520070258614,0.0067251556234094005,4,742,313,972,224,529,-2.2982879949369055,-2.2868852850373576,-2.3408336193871593,-2.3407273195987055,-2.4854315747587608
TCAAATGATGAGGAT_3,TCAAATGATGAGGAT,-0.013932965974030376,0.004585158913086324,4,614,241,845,162,397,-2.3805235290747646,-2.4004125800089375,-2.4016431753637417,-2.481460323390237,-2.6100967400308317
TCAAATGATGAGGAT_4,TCAAATGATGAGGAT,-0.015725098718246143,0.005612421275808575,4,648,230,738,167,390,-2.357116894345339,-2.4207017865662133,-2.4604435224903924,-2.468258866785285,-2.6178226397674473
TCAAATGATGAGGAT_5,TCAAATGATGAGGAT,-0.011516776989128251,0.0030011492549567704,4,886,345,1077,204,631,-2.2212581783288816,-2.244610527510532,-2.2962841810154524,-2.3813451705069695,-2.408857887549812
TCAAATGATGAGGAT_6,TCAAATGATGAGGAT,-0.01790685050801242,0.005253078169839298,4,611,240,809,140,337,-2.3826506899733784,-2.4022183808722,-2.4205513627011617,-2.54484730225463,-2.681257345922608
TCAACAACCTATGCA_0,TCAACAACCTATGCA,-0.00025085890977596427,0.008757858454176594,4,85,45,180,33,95,-3.2392729745016395,-3.1292171088084624,-3.073227379210128,-3.1724613980549807,-3.231163641505099
TCAACAACCTATGCA_1,TCAACAACCTATGCA,-0.003825217245396083,0.010385476955178205,4,96,49,160,26,93,-3.186420667176364,-3.0922335425552925,-3.124379901657509,-3.27600198996205,-3.2404042982400116
TCAACAACCTATGCA_2,TCAACAACCTATGCA,0.002677637594852466,0.008796418088197528,4,191,105,373,92,240,-2.8876585329682047,-2.761240323513868,-2.756791052504746,-2.7271875105873127,-2.8286760050823405
TCAACAACCTATGCA_3,TCAACAACCTATGCA,,,0,3,0,0,0,0,-4.69157064549627,-6.0,-6.0,-6.0,-6.0
TCAACAACCTATGCA_4,TCAACAACCTATGCA,0.0004899360303833198,0.006794282780426492,4,119,50,177,50,137,-3.093144938823402,-3.083459618247787,-3.080526617951627,-2.9920053335968495,-3.0721666796375398
TCAACAACCTATGCA_5,TCAACAACCTATGCA,0.00813716938950515,0.008842883326183196,4,174,75,332,101,272,-2.928142651933333,-2.9073683591921062,-2.8073618006093977,-2.6866539641502256,-2.7743183427597478
TCAACAACCTATGCA_6,TCAACAACCTATGCA,-0.012193073545153952,0.011483752166806294,4,88,34,103,29,61,-3.2242092280657637,-3.250950705541551,-3.3156626596082615,-3.228577340033912,-3.4235574117831797
TCAGAGCATTGGCCT_0,TCAGAGCATTGGCCT,0.035390180702450084,0.008560892194581775,4,40,19,126,38,186,-3.56663190888797,-3.503676021630977,-3.228129339195871,-3.111191741316058,-2.9393743025760304
TCAGAGCATTGGCCT_1,TCAGAGCATTGGCCT,0.036321261143255575,0.005624293089994608,4,121,70,363,105,584,-3.0859065298994826,-2.9373315825695494,-2.7685932592773215,-2.66978603886293,-2.4424743996815472
TCAGAGCATTGGCCT_2,TCAGAGCATTGGCCT,,,0,1,0,0,1,0,-5.168691900215933,-6.0,-6.0,-4.690975337932868,-6.0
TCAGAGCATTGGCCT_3,TCAGAGCATTGGCCT,0.040853295838897935,0.003480125494253397,4,56,39,199,70,324,-3.420503873209732,-3.191365015557307,-3.029646807903727,-2.8458772979186113,-2.6983422365873344
TCAGAGCATTGGCCT_4,TCAGAGCATTGGCCT,0.030053013605201476,0.005485340685746874,4,82,48,265,85,308,-3.2548780478322157,-3.1011883852082187,-2.905254010376626,-2.7615564122185754,-2.7203365302935025
TCAGAGCATTGGCCT_5,TCAGAGCATTGGCCT,,,0,1,0,0,0,0,-5.168691900215933,-6.0,-6.0,-6.0,-6.0
TCAGAGCATTGGCCT_6,TCAGAGCATTGGCCT,,,0,10,8,8,0,0,-4.168691900215933,-3.8793396355918626,-4.42540989732149,-6.0,-6.0
TCATAGGTATCTCGC_0,TCATAGGTATCTCGC,-0.030780096154473056,0.004409826158490864,4,355,112,344,55,117,-2.618463547160838,-2.7332115999136244,-2.7919414417419035,-2.950612648438624,-3.1407013850477847
TCATAGGTATCTCGC_1,TCATAGGTATCTCGC,-0.029130921119518382,0.004774769156190768,4,463,147,463,77,163,-2.5031109091979795,-2.61511228783563,-2.6629188932954806,-2.8044846127603864,-2.9966996423899888
TCATAGGTATCTCGC_2,TCATAGGTATCTCGC,-0.02246442501848489,0.002941346685300745,4,607,198,603,101,279,-2.385503209140675,-2.485764432322275,-2.5481825721732827,-2.6866539641502256,-2.763283043520349
TCATAGGTATCTCGC_3,TCATAGGTATCTCGC,-0.031189205263965764,0.002845373348994625,4,842,277,770,125,273,-2.243379808716283,-2.3399498535193577,-2.442009159140952,-2.5940653249248116,-2.7727245997531904
TCATAGGTATCTCGC_4,TCATAGGTATCTCGC,-0.0181225507048294,0.005287290738835479,4,534,188,564,93,292,-2.441150643187376,-2.5082717733201263,-2.5772207803300917,-2.722492389378933,-2.7435043953455285
TCATAGGTATCTCGC_5,TCATAGGTATCTCGC,-0.02219198432918834,0.003955555195133545,4,368,113,364,62,171,-2.6028440815424148,-2.7293511791003864,-2.767398500664378,-2.8985836484346144,-2.975891136401793
TCATAGGTATCTCGC_6,TCATAGGTATCTCGC,-0.03220322614059554,0.009387422486629292,4,485,162,393,83,151,-2.482950161613669,-2.572914608041175,-2.7341073339380073,-2.771897245556794,-3.029910299500777
TCGAAAGCACAGTAG_0,TCGAAAGCACAGTAG,,,0,10,0,0,0,0,-4.168691900215933,-6.0,-6.0,-6.0,-6.0
TCGAAAGCACAGTAG_1,TCGAAAGCACAGTAG,,,0,1,0,0,0,0,-5.168691900215933,-6.0,-6.0,-6.0,-6.0
TCGAAAGCACAGTAG_2,TCGAAAGCACAGTAG,,,0,1,1,0,0,0,-5.168691900215933,-4.782429622583806,-6.0,-6.0,-6.0
TCGAAAGCACAGTAG_3,TCGAAAGCACAGTAG,,,0,0,1,0,0,0,-6.0,-4.782429622583806,-6.0,-6.0,-6.0
TCGAAAGCACAGTAG_4,TCGAAAGCACAGTAG,,,0,4,1,0,0,0,-4.56663190888797,-4.782429622583806,-6.0,-6.0,-6.0
TCGAAAGCACAGTAG_5,TCGAAAGCACAGTAG,,,0,1,0,0,0,0,-5.168691900215933,-6.0,-6.0,-6.0,-6.0
TCGAAAGCACAGTAG_6,TCGAAAGCACAGTAG,,,0,3,0,0,0,0,-4.69157064549627,-6.0,-6.0,-6.0,-6.0
TCGATAGAATTTACT_0,TCGATAGAATTTACT,-0.010182126568635376,0.010329417400827412,4,201,73,316,48,151,-2.865495842795444,-2.91910676246335,-2.82881280169503,-3.009734100557281,-3.029910299500777
TCGATAGAATTTACT_1,TCGATAGAATTTACT,-0.004550658667935246,0.013177454144269577,4,441,153,605,94,415,-2.524253310748094,-2.5977381917662075,-2.546744509660965,-2.7178474843331695,-2.590839150081854
TCGATAGAATTTACT_2,TCGATAGAATTTACT,-0.0060920851678537115,0.00867489104691196,4,243,107,325,87,215,-2.7830856266176203,-2.7530458448985966,-2.8166165233345595,-2.7514560853142496,-2.876448786878341
TCGATAGAATTTACT_3,TCGATAGAATTTACT,0.003922542170395782,0.009104538635211358,4,343,121,609,130,453,-2.633397780173162,-2.699644252267356,-2.5438825916805583,-2.5770319856260313,-2.5527890447811146
TCGATAGAATTTACT_4,TCGATAGAATTTACT,-0.0009573423426360477,0.0032861999050237518,4,289,112,384,90,314,-2.7077940574593846,-2.7332115999136244,-2.744168659945903,-2.736732828493543,-2.7119575987207316
TCGATAGAATTTACT_5,TCGATAGAATTTACT,-0.008881338970988462,0.012207669772992234,4,139,77,191,41,110,-3.0256770999618374,-2.895938897411324,-3.0474665170657063,-3.078191481213133,-3.1674945616357215
TCGATAGAATTTACT_6,TCGATAGAATTTACT,-0.009590606399218849,0.008640137963896122,4,195,96,279,61,150,-2.8786572888534145,-2.800158389544238,-2.882895681039836,-2.905645502922101,-3.0327959877382655
TCTTGGAGGTGAATG_0,TCTTGGAGGTGAATG,0.00028731917021100937,0.0032656345711225394,4,803,376,1308,287,917,-2.2639763549372516,-2.207241777656145,-2.2118921403251854,-2.233093441198876,-2.2465179111239255
TCTTGGAGGTGAATG_1,TCTTGGAGGTGAATG,-0.00228764326048676,0.006080799855318308,4,894,381,1245,332,921,-2.217354381420015,-2.201504646908187,-2.233330532881679,-2.169837254228832,-2.2446276165970978
TCTTGGAGGTGAATG_2,TCTTGGAGGTGAATG,-0.003701358615969607,0.004466425790038336,4,1286,529,1651,356,1252,-2.059450931627729,-2.05897395054862,-2.11075281105064,-2.139525339959993,-2.1112829179195356
TCTTGGAGGTGAATG_3,TCTTGGAGGTGAATG,-0.001048478728975199,0.007462870567477978,4,533,272,858,168,577,-2.44196469118936,-2.347860718549607,-2.3950125964647286,-2.4656660562070054,-2.447711433638215
TCTTGGAGGTGAATG_4,TCTTGGAGGTGAATG,0.0013026313317655138,0.005305139260508586,4,486,240,897,205,578,-2.482055630953639,-2.4022183808722,-2.3757074412693417,-2.379221476877114,-2.4469594083734174
TCTTGGAGGTGAATG_5,TCTTGGAGGTGAATG,-0.0025594908013037983,0.005127555897034077,4,787,330,1213,228,802,-2.272717167856868,-2.263915682705919,-2.244639083446861,-2.3330404909324143,-2.304712878509783
TCTTGGAGGTGAATG_6,TCTTGGAGGTGAATG,-0.001954778357886001,0.014081376156499252,4,409,226,529,144,427,-2.5569685922085905,-2.428321183436405,-2.6050442122782482,-2.5326128458376185,-2.578459371768923
TGATCATCACGGGAC_0,TGATCATCACGGGAC,-0.009101819363171226,0.005183260950884706,4,937,375,1277,296,735,-2.196952309328154,-2.208398354856087,-2.2223089870500186,-2.2196836268739295,-2.3425999077097517
TGATCATCACGGGAC_1,TGATCATCACGGGAC,-0.008450764879849791,0.004365022775439306,4,1134,472,1432,329,913,-2.1140788456590447,-2.1084876239497183,-2.1725568663415973,-2.173779439982894,-2.2484164692596478
TGATCATCACGGGAC_2,TGATCATCACGGGAC,-0.00896732549395709,0.007970901791557074,4,511,209,642,167,403,-2.4602710000812196,-2.462283336472752,-2.5209648562445808,-2.468258866785285,-2.6035822006528373
TGATCATCACGGGAC_3,TGATCATCACGGGAC,-0.012065007367512237,0.0028917535544625353,4,798,305,1035,215,556,-2.266689008865203,-2.2981297832370204,-2.3135595345204973,-2.358536878017263,-2.463812455211889
TGATCATCACGGGAC_4,TGATCATCACGGGAC,-0.008370852294983045,0.005499841792283418,4,624,251,985,197,504,-2.3735073105335087,-2.382755901102768,-2.3350636538158223,-2.3965091117712753,-2.5064567103484214
TGATCATCACGGGAC_5,TGATCATCACGGGAC,-0.006137224786586804,0.0060570990086139575,4,856,390,1302,298,756,-2.2362181355387794,-2.191365015557307,-2.2138889000812605,-2.216759073856613,-2.33036545129274
TGATCATCACGGGAC_6,TGATCATCACGGGAC,-0.006524265012293575,0.0045600418017098755,4,974,401,1308,315,847,-2.180132943337317,-2.1792852499636237,-2.2118921403251854,-2.192664784143268,-2.2810038364632397
TGGAGTCTTTGTTGA_0,TGGAGTCTTTGTTGA,,,0,21,6,8,1,0,-3.8464726054820133,-4.0042783722001625,-4.42540989732149,-4.690975337932868,-6.0
TGGAGTCTTTGTTGA_1,TGGAGTCTTTGTTGA,,,0,18,2,5,1,0,-3.9134193951126264,-4.481399626919825,-4.629529879977415,-4.690975337932868,-6.0
TGGAGTCTTTGTTGA_2,TGGAGTCTTTGTTGA,,,0,29,1,2,0,0,-3.7062939023169763,-4.782429622583806,-5.027469888649453,-6.0,-6.0
TGGAGTCTTTGTTGA_3,TGGAGTCTTTGTTGA,,,0,27,4,3,0,0,-3.737328136056945,-4.180369631255844,-4.851378629593771,-6.0,-6.0
TGGAGTCTTTGTTGA_4,TGGAGTCTTTGTTGA,,,0,14,1,3,1,0,-4.022563864537695,-4.782429622583806,-4.851378629593771,-4.690975337932868,-6.0
TGGAGTCTTTGTTGA_5,TGGAGTCTTTGTTGA,,,0,22,3,6,0,0,-3.826269219393726,-4.305308367864144,-4.55034863392979,-6.0,-6.0
TGGAGTCTTTGTTGA_6,TGGAGTCTTTGTTGA,,,0,4,2,2,0,0,-4.56663190888797,-4.481399626919825,-5.027469888649453,-6.0,-6.0
TTAATTAGAGGTATG_0,TTAATTAGAGGTATG,,,0,7,2,11,1,6,-4.323593860201676,-4.481399626919825,-4.2871071991552085,-4.690975337932868,-4.430735996410303
TTAATTAGAGGTATG_1,TTAATTAGAGGTATG,-0.0014409045854967054,0.012617162533054685,3,30,15,40,9,35,-3.6915706454962702,-3.606338363528125,-3.7264398929854714,-3.736732828493543,-3.664819202443671
TTAATTAGAGGTATG_2,TTAATTAGAGGTATG,-0.03536376309619633,0.0106316627176854,2,41,8,23,6,11,-3.555908043496197,-3.8793396355918626,-3.966772048295841,-3.9128240875492244,-4.1674945616357215
TTAATTAGAGGTATG_3,TTAATTAGAGGTATG,-0.02436874555340969,0.019209937292002672,4,54,12,44,13,23,-3.4362981403929638,-3.703248376536181,-3.6850472078272465,-3.5770319856260313,-3.847159410776354
TTAATTAGAGGTATG_4,TTAATTAGAGGTATG,-0.022133074862703345,0.0152462653776387,3,29,13,27,4,14,-3.7062939023169763,-3.6684862702769694,-3.8971361201544465,-4.088915346604906,-4.062759211115709
TTAATTAGAGGTATG_5,TTAATTAGAGGTATG,-0.03534420209223913,0.014233350727082174,3,56,22,58,7,11,-3.420503873209732,-3.4400069417615997,-3.5650718907504966,-3.8458772979186113,-4.1674945616357215
TTAATTAGAGGTATG_6,TTAATTAGAGGTATG,-0.05055546881735778,0.02387380752774132,4,87,25,84,15,13,-3.2291726475973137,-3.3844896139117684,-3.4042205982515523,-3.514884078877187,-4.09494389448711
TTAATTGCACTTATG_1,TTAATTGCACTTATG,-0.0030314997875315673,0.010270989890196166,4,45,25,81,14,45,-3.515479386440589,-3.3844896139117684,-3.420014865434784,-3.54484730225463,-3.555674733018603
TTAATTGCACTTATG_2,TTAATTGCACTTATG,-0.014938196568277181,0.008509580912999248,3,63,26,67,8,41,-3.3693513507623507,-3.367456274612988,-3.5024250816126075,-3.7878853509409245,-3.596103390074211
TTAATTGCACTTATG_3,TTAATTGCACTTATG,,,0,1,0,0,0,0,-5.168691900215933,-6.0,-6.0,-6.0,-6.0
TTAATTGCACTTATG_4,TTAATTGCACTTATG,-0.008048267174085355,0.002195109175240495,4,66,27,94,19,54,-3.3491479646740636,-3.351065858424819,-3.355372030713735,-3.4122217369800394,-3.4764934869709783
TTAATTGCACTTATG_5,TTAATTGCACTTATG,,,0,1,0,0,0,0,-5.168691900215933,-6.0,-6.0,-6.0,-6.0
TTAGTCTTTCCATCA_0,TTAGTCTTTCCATCA,0.0030623241019766658,0.0044087753653527075,4,413,200,671,152,527,-2.5527418485595312,-2.481399626919825,-2.501777364144442,-2.5091317499880956,-2.4870766315814
TTAGTCTTTCCATCA_1,TTAGTCTTTCCATCA,0.0005738498823307793,0.0004426989454336145,4,838,349,1283,298,968,-2.245447881585656,-2.239604195624626,-2.220273227938505,-2.216759073856613,-2.223011889485553
TTAGTCTTTCCATCA_2,TTAGTCTTTCCATCA,-0.0006138046857575129,0.003828380145029376,4,650,305,1036,221,716,-2.3557785435730767,-2.2981297832370204,-2.3131401289042195,-2.346583064247757,-2.353974224486091
TTAGTCTTTCCATCA_3,TTAGTCTTTCCATCA,0.00029331157046623684,0.006977112093254848,4,464,208,726,199,530,-2.5021739196610517,-2.4643662876210444,-2.46756326361334,-2.3921222615231614,-2.4846113771931577
TTAGTCTTTCCATCA_4,TTAGTCTTTCCATCA,-0.002637226382706692,0.0045584937302350905,4,692,290,1046,201,703,-2.328585805759175,-2.32003162468485,-2.3089681997821785,-2.387779280512379,-2.3619319217741226
TTAGTCTTTCCATCA_5,TTAGTCTTTCCATCA,-0.002899573360010476,0.0050898869226737795,4,567,264,820,174,570,-2.415108841323026,-2.360825695713975,-2.414686031929717,-2.4504260896502683,-2.453012391121455
TTAGTCTTTCCATCA_6,TTAGTCTTTCCATCA,0.002459215442637564,0.00604603784691021,4,513,180,718,189,639,-2.458574535104116,-2.5271571174805,-2.4723754400711337,-2.414513533759624,-2.403386388635546
TTATATTTATTTGCT_0,TTATATTTATTTGCT,0.04647955352741065,0.0056671870459992155,4,370,240,1673,601,2681,-2.6004901761489374,-2.4022183808722,-2.1050039433510395,-1.9121008659301286,-1.780590432811067
TTATATTTATTTGCT_1,TTATATTTATTTGCT,,,0,1,0,5,0,7,-5.168691900215933,-6.0,-4.629529879977415,-6.0,-4.36378920677969
TTATATTTATTTGCT_2,TTATATTTATTTGCT,0.04470706283457939,0.005928987309258089,4,244,194,1062,370,1647,-2.781302073877203,-2.49462789265358,-2.3023753675679837,-2.1227736138658733,-1.9921936476241922
TTATATTTATTTGCT_3,TTATATTTATTTGCT,0.040639849351321054,0.005046431351767329,4,334,243,1305,390,1916,-2.644945433404368,-2.3968233489854938,-2.212889372639134,-2.099910730906369,-1.926491742051421
TTATATTTATTTGCT_4,TTATATTTATTTGCT,0.04245862699703102,0.00511136864053251,4,242,166,892,350,1493,-2.7848765342355013,-2.562321534543751,-2.3781350299373107,-2.1469072935825926,-2.034827439068921
TTATATTTATTTGCT_5,TTATATTTATTTGCT,0.046466860780081394,0.005733286033483546,4,194,124,747,319,1405,-2.8808901702857064,-2.689007937421571,-2.455179282498035,-2.187184654875687,-2.061210922552848
TTATATTTATTTGCT_6,TTATATTTATTTGCT,0.046435999509426035,0.03170538171648212,4,30,54,146,47,217,-3.6915706454962702,-3.0500358627608377,-3.1641470285289968,-3.0188774799971507,-2.8724275129454173
TTTAACTCACCGTAA_0,TTTAACTCACCGTAA,-0.03712228497554378,0.013619260710238838,3,70,16,56,6,16,-3.3235938602016755,-3.5783096399278813,-3.5803118573072337,-3.9128240875492244,-4.004767264138022
TTTAACTCACCGTAA_1,TTTAACTCACCGTAA,-0.04152578024665445,0.02418082069646757,3,50,20,27,7,13,-3.4697218958799136,-3.481399626919825,-3.8971361201544465,-3.8458772979186113,-4.09494389448711
TTTAACTCACCGTAA_2,TTTAACTCACCGTAA,-0.021801590454384918,0.0068133811797641535,2,39,6,47,8,18,-3.5776272931894333,-4.0042783722001625,-3.6564020263777164,-3.7878853509409245,-3.9536147416906404
TTTAACTCACCGTAA_3,TTTAACTCACCGTAA,-0.04457739209381906,0.010480548312857971,3,97,27,50,9,22,-3.1819201659496876,-3.351065858424819,-3.629529879977415,-3.736732828493543,-3.8664645659717403
TTTAACTCACCGTAA_4,TTTAACTCACCGTAA,-0.03509322769433578,0.03122535835295108,3,70,10,46,4,22,-3.3235938602016755,-3.782429622583806,-3.6657420526318596,-4.088915346604906,-3.8664645659717403
TTTAACTCACCGTAA_5,TTTAACTCACCGTAA,-0.041796435097810745,0.02042916142150306,4,66,14,65,10,14,-3.3491479646740636,-3.636301586905568,-3.515586527670578,-3.6909753379328682,-4.062759211115709
TTTAACTCACCGTAA_6,TTTAACTCACCGTAA,-0.040868799083799305,0.007736873882639591,3,114,36,73,7,26,-3.1117870488794597,-3.2261271218165186,-3.465177024192978,-3.8458772979186113,-3.7939138988231287
TTTATAAATCAATAG_0,TTTATAAATCAATAG,0.002547088995323677,0.0076760765030467375,4,224,92,324,98,280,-2.8184438818817696,-2.8186417952382508,-2.817954874106822,-2.699749262240373,-2.7617292154517274
TTTATAAATCAATAG_1,TTTATAAATCAATAG,0.00292398055545986,0.006286450951002769,4,316,168,619,129,401,-2.6690048175975285,-2.557120340857943,-2.536809235293316,-2.580385627633619,-2.6057428741737643
TTTATAAATCAATAG_2,TTTATAAATCAATAG,0.012262082584949941,0.0011892064121550767,4,582,275,1099,290,1073,-2.403768915566044,-2.3430969287535435,-2.2875021918899434,-2.228577340033912,-2.1782875248279954
TTTATAAATCAATAG_3,TTTATAAATCAATAG,0.0073958288650505044,0.0037038980430416962,4,342,155,634,138,519,-2.6346657941597975,-2.5920979244135145,-2.526410626431701,-2.5510962515316318,-2.493719888945489
TTTATAAATCAATAG_4,TTTATAAATCAATAG,0.003176172892892205,0.007828890481203478,4,259,138,430,92,332,-2.7553921361346805,-2.6425505361825694,-2.6950314287338473,-2.7271875105873127,-2.68774916308991
TTTATAAATCAATAG_5,TTTATAAATCAATAG,-0.003625134985051615,0.002130490291399064,4,554,215,754,178,541,-2.425182135487503,-2.449991162668201,-2.4511285384436596,-2.440555335623974,-2.475689981687377
TTTATAAATCAATAG_6,TTTATAAATCAATAG,0.005406048364699156,0.007638652270613119,4,416,203,724,210,583,-2.5495985695891896,-2.4749335846705933,-2.468761318116287,-2.3687560431989487,-2.4432186920349324
TTTTGCATTTAGGCG_0,TTTTGCATTTAGGCG,-0.01635425115443869,0.003125597683462675,4,351,124,357,76,206,-2.6233847837501085,-2.689007937421571,-2.7758316682012407,-2.810161745652077,-2.895020026424793
TTTTGCATTTAGGCG_1,TTTTGCATTTAGGCG,-0.0067387949927226526,0.003095506489376999,4,312,132,473,95,269,-2.6745373061974895,-2.6618556913779563,-2.6536387435756223,-2.71325173264402,-2.779134966791539
TTTTGCATTTAGGCG_2,TTTTGCATTTAGGCG,-0.012472895522774972,0.008644304494525667,4,461,166,577,144,316,-2.5049909748262844,-2.562321534543751,-2.5673240711577026,-2.5326128458376185,-2.7092001641755425
TTTTGCATTTAGGCG_3,TTTTGCATTTAGGCG,-0.0036371821709146658,0.0035420109757348423,4,376,148,527,106,367,-2.5935040552882715,-2.612167907188849,-2.606689269100887,-2.665669472668098,-2.644221182541857
TTTTGCATTTAGGCG_4,TTTTGCATTTAGGCG,-0.010092661247477451,0.006510476077696621,4,508,200,599,150,383,-2.462828187932013,-2.481399626919825,-2.5510730619241224,-2.514884078877187,-2.625688472825324
TTTTGCATTTAGGCG_5,TTTTGCATTTAGGCG,-0.013333581436297613,0.0021721891337846,4,379,136,414,88,251,-2.5900526902478602,-2.6488907142135885,-2.711499543192535,-2.7464926657826996,-2.8092135253129085
TTTTGCATTTAGGCG_6,TTTTGCATTTAGGCG,-0.010960812311593716,0.006471070383521388,4,195,64,257,54,142,-2.8786572888534145,-2.976249648599919,-2.9185667609821393,-2.9585815781098996,-3.05659890241089
